0:
##.
.##
..#

1:
###
.#.
###

2:
###
##.
#..

3:
###
..#
###

4:
..#
###
###

5:
###
.##
##.

42x42: 44 54 42 48 40 43
47x37: 43 38 56 41 45 46
36x41: 25 29 23 31 24 23
36x50: 39 37 24 26 29 36
45x48: 42 43 33 38 37 46
36x50: 26 32 26 38 34 35
40x36: 35 22 25 26 22 26
49x48: 39 35 41 47 49 45
47x44: 59 64 60 50 48 40
49x46: 38 27 41 37 44 52
35x43: 29 26 30 19 25 24
47x41: 50 56 44 44 53 49
37x35: 19 28 15 18 28 24
39x44: 33 40 43 49 55 41
50x37: 35 31 30 30 36 29
44x36: 46 41 37 41 40 40
41x49: 25 32 31 39 37 44
49x45: 41 41 39 43 34 42
38x38: 19 24 23 28 24 26
46x36: 39 31 27 32 26 25
47x38: 50 37 50 53 37 50
49x49: 74 51 59 48 65 76
42x42: 42 50 46 50 41 42
36x39: 25 29 24 23 26 29
45x36: 25 31 35 30 30 28
41x39: 32 44 35 44 42 46
46x41: 25 33 28 34 43 32
45x45: 67 59 45 58 43 43
38x45: 39 36 45 60 45 37
44x43: 49 58 46 54 34 50
42x40: 53 39 38 42 46 43
36x38: 28 27 22 26 21 19
47x43: 48 43 58 59 49 54
44x43: 53 53 37 49 44 55
44x35: 47 34 44 27 44 44
47x37: 47 42 49 45 43 43
46x45: 70 50 43 63 52 44
47x42: 60 50 47 42 53 54
50x36: 25 36 33 28 39 30
35x38: 20 14 24 18 28 28
48x41: 37 32 35 42 27 34
42x36: 37 42 28 39 41 44
42x36: 19 28 33 24 34 29
43x45: 50 56 41 47 48 55
35x36: 20 21 21 27 24 18
36x38: 22 21 34 29 18 20
41x40: 35 37 46 44 45 44
38x47: 45 36 47 49 52 46
44x37: 32 24 29 36 25 22
35x36: 34 41 27 34 31 27
39x36: 28 21 32 25 22 28
46x49: 48 47 37 34 33 40
41x37: 18 26 29 26 26 30
43x37: 32 45 43 49 36 38
37x47: 38 36 59 44 53 38
46x47: 60 56 54 61 48 55
43x40: 52 41 43 52 37 42
40x36: 27 26 31 20 32 20
41x39: 28 26 27 33 26 28
45x43: 37 31 29 38 32 42
35x48: 32 24 31 24 32 33
48x39: 39 25 30 34 40 39
44x39: 38 48 47 42 51 37
39x37: 29 16 33 20 26 32
38x39: 17 29 25 32 27 25
43x43: 31 43 28 18 42 33
46x44: 52 49 53 45 56 57
48x38: 35 36 30 32 25 33
45x46: 39 25 32 48 39 42
48x40: 32 28 36 38 40 34
37x38: 34 38 30 37 39 37
47x42: 31 32 44 37 35 31
50x39: 50 51 49 48 50 52
36x49: 47 50 36 57 34 47
35x49: 42 42 46 41 53 40
41x41: 33 52 37 41 51 41
44x36: 25 29 21 33 30 30
39x41: 33 51 42 46 40 32
50x49: 42 45 47 39 39 44
43x35: 28 26 33 28 15 23
39x37: 40 39 43 35 27 40
50x36: 39 38 45 42 45 66
43x39: 29 21 27 27 39 39
49x36: 46 45 45 48 54 34
41x39: 39 39 43 40 46 39
41x43: 54 40 51 40 43 47
37x35: 24 38 34 40 27 34
40x49: 38 25 39 37 30 39
39x41: 22 39 21 34 27 26
41x49: 50 51 59 40 51 59
41x38: 33 34 21 27 14 27
44x36: 47 29 42 37 37 54
35x36: 19 19 24 16 25 28
36x40: 33 40 52 27 38 33
48x48: 53 63 60 64 55 58
40x35: 18 27 24 31 14 29
38x46: 27 30 39 26 26 32
35x39: 27 25 22 23 21 24
39x47: 25 30 38 33 31 38
40x42: 43 34 38 55 43 45
44x41: 34 30 24 30 34 29
38x35: 17 22 24 23 25 21
39x50: 60 49 56 51 48 40
39x48: 26 32 25 48 32 44
50x45: 50 44 56 67 62 65
40x44: 47 45 41 47 50 41
36x41: 19 28 29 29 21 29
43x41: 44 45 29 46 60 45
45x50: 68 61 54 56 62 48
40x40: 36 53 34 38 44 39
38x39: 19 35 24 30 24 23
48x44: 34 35 42 34 34 45
45x48: 38 29 52 46 32 42
49x43: 36 35 44 31 33 44
37x47: 40 45 42 49 44 46
41x37: 43 42 34 36 46 33
43x35: 42 30 47 32 49 34
48x46: 61 57 61 44 65 54
49x47: 56 55 60 52 65 66
43x37: 44 35 33 54 35 44
39x40: 27 28 22 24 32 35
39x47: 46 58 41 51 46 39
41x37: 22 18 29 27 36 24
49x45: 37 41 41 38 39 44
49x36: 49 50 39 43 45 46
49x46: 39 40 42 35 41 42
37x48: 29 32 21 40 31 39
38x41: 31 18 21 22 31 32
36x48: 47 49 51 36 44 41
38x43: 44 39 48 43 47 32
50x37: 43 47 44 54 52 43
42x41: 27 24 26 36 32 37
37x49: 39 33 31 29 32 28
44x42: 33 35 30 34 23 40
41x38: 19 29 17 37 29 25
36x49: 37 31 25 38 31 30
37x35: 25 31 38 35 27 42
47x42: 46 53 60 42 56 47
44x38: 50 41 47 43 36 43
41x50: 39 31 29 32 40 36
48x44: 55 62 64 51 46 49
37x46: 45 37 48 46 42 45
48x47: 45 51 74 59 56 61
43x36: 33 34 29 20 29 23
44x36: 24 35 34 19 33 23
49x45: 29 43 40 42 48 37
41x35: 29 15 22 29 20 28
50x50: 45 45 36 32 60 37
41x48: 41 43 61 44 59 54
42x38: 34 31 20 21 32 29
42x39: 30 25 28 35 33 30
44x39: 38 30 26 31 24 33
40x43: 32 37 27 23 30 33
49x50: 48 30 58 43 37 40
38x46: 39 69 40 33 41 45
37x43: 38 43 33 45 49 35
42x40: 43 48 46 49 38 35
47x42: 54 56 50 49 50 46
48x47: 49 41 42 38 33 36
40x45: 46 44 53 43 55 37
40x47: 58 52 39 46 47 49
42x41: 32 30 40 32 23 24
36x38: 25 21 22 30 19 27
47x40: 43 42 49 66 41 47
49x50: 54 46 31 38 43 44
38x50: 44 59 55 40 44 50
38x37: 15 22 29 25 30 22
46x40: 42 41 54 50 50 46
44x36: 23 33 28 29 32 22
50x45: 61 59 56 64 52 55
35x46: 27 26 36 32 22 22
50x43: 39 34 31 41 36 43
40x36: 38 39 35 29 42 39
49x49: 58 60 58 62 67 63
46x40: 39 33 28 30 29 36
50x37: 36 44 37 59 65 39
38x48: 48 42 51 48 50 43
38x42: 40 38 43 45 40 40
43x42: 35 35 27 38 27 33
47x50: 74 53 61 60 59 59
47x39: 29 47 33 27 37 22
42x46: 33 34 31 45 29 38
35x37: 22 18 21 25 24 22
39x38: 27 41 37 38 39 43
42x49: 56 50 62 45 56 50
37x39: 19 31 26 30 25 25
43x50: 26 35 44 34 39 45
43x44: 27 25 32 40 37 35
46x49: 46 62 52 72 54 57
41x48: 35 30 40 33 30 40
50x47: 53 52 69 73 60 54
37x37: 33 36 41 35 37 29
38x48: 28 29 39 25 31 39
39x48: 39 39 37 24 37 31
37x45: 52 41 43 38 35 50
45x48: 48 50 59 70 53 51
40x47: 42 39 50 48 37 72
43x47: 53 39 55 56 52 57
39x49: 39 35 38 23 39 34
48x42: 56 50 47 64 48 46
47x35: 27 22 32 23 28 32
35x43: 35 36 47 43 41 30
40x41: 46 45 44 41 38 40
38x41: 44 35 38 37 42 45
41x36: 30 38 16 20 25 26
45x37: 32 23 23 33 42 26
39x45: 47 38 38 57 49 41
36x39: 35 30 43 35 39 35
50x45: 55 46 54 58 69 63
35x47: 36 52 31 46 50 35
50x37: 57 52 50 53 32 44
38x41: 21 22 19 33 29 32
41x49: 47 52 51 49 56 53
40x47: 54 58 41 44 48 45
38x46: 42 52 49 50 44 32
40x48: 46 36 59 48 54 53
42x38: 35 53 41 40 42 33
45x46: 33 35 30 54 35 37
42x39: 43 53 45 45 40 27
50x36: 30 32 42 29 30 28
49x41: 44 59 42 43 63 55
42x37: 35 25 26 28 30 23
41x35: 32 24 20 26 17 24
38x38: 38 44 38 32 35 36
35x50: 24 34 29 40 27 22
42x43: 45 53 40 47 46 46
37x39: 44 37 27 33 40 42
35x47: 20 23 39 22 33 27
36x39: 21 23 23 19 38 32
50x48: 40 53 37 44 41 41
38x46: 25 21 32 37 30 34
47x50: 58 66 59 61 58 59
41x35: 22 20 28 22 25 26
37x50: 39 24 27 32 38 32
41x47: 34 31 26 28 33 42
48x35: 48 47 42 40 37 46
36x50: 28 31 32 32 34 34
44x46: 34 33 33 40 34 35
46x35: 38 41 35 42 51 39
39x40: 29 26 27 28 38 20
40x47: 43 44 42 62 51 45
42x48: 45 36 34 37 34 38
48x35: 32 24 28 29 27 35
49x45: 42 42 42 35 30 49
48x49: 64 60 51 68 54 65
41x44: 46 49 42 47 50 43
35x43: 23 24 29 28 27 23
46x50: 59 49 71 49 71 57
39x50: 32 36 31 37 39 33
43x39: 32 42 42 50 49 40
43x42: 50 37 51 48 52 42
40x47: 34 31 32 32 36 30
43x45: 35 44 29 32 36 34
42x37: 37 41 42 37 43 39
48x40: 47 60 55 34 46 54
35x47: 35 43 47 34 54 39
42x42: 31 32 38 26 31 38
44x50: 36 32 29 45 42 39
41x40: 21 29 31 28 33 27
50x44: 44 53 54 62 66 56
42x42: 41 32 24 32 35 31
48x39: 52 48 53 51 50 36
49x42: 34 37 44 39 36 34
43x37: 40 46 36 49 38 35
37x44: 28 31 22 27 28 32
35x35: 19 26 27 13 13 22
45x38: 21 29 38 27 30 35
48x37: 56 45 43 57 35 40
50x35: 39 34 24 22 32 24
45x37: 28 34 29 30 32 26
47x49: 50 67 53 62 56 63
36x49: 35 30 36 34 32 25
44x46: 27 27 34 45 39 37
41x48: 30 32 38 33 37 38
45x36: 26 32 31 22 37 32
49x43: 39 35 43 35 27 45
44x44: 25 34 31 36 36 33
44x43: 32 26 31 34 29 43
40x39: 24 32 32 32 25 24
45x45: 38 30 39 41 36 40
44x40: 46 31 50 41 51 53
41x38: 25 31 24 24 27 24
46x48: 56 47 51 59 71 55
35x38: 35 34 33 34 31 38
49x48: 42 41 48 46 40 38
44x50: 38 44 31 39 35 37
37x35: 22 25 17 27 21 19
38x43: 27 30 27 24 24 36
48x44: 44 38 38 32 39 33
42x44: 46 49 46 56 43 44
41x48: 29 39 34 31 34 41
39x43: 41 45 30 46 50 44
47x46: 54 61 53 53 56 55
47x40: 57 52 48 41 53 41
40x45: 26 29 34 26 44 35
38x37: 38 49 35 32 34 29
46x47: 32 38 37 45 43 29
38x39: 28 43 34 38 30 52
46x42: 55 39 50 59 43 53
45x49: 37 44 44 36 38 41
45x42: 30 34 32 37 43 33
47x37: 40 50 61 37 37 44
37x46: 48 41 42 35 50 47
50x45: 37 49 42 42 36 34
48x44: 51 52 53 55 64 49
41x46: 48 39 45 49 49 60
37x36: 44 28 33 28 39 36
40x50: 35 39 28 41 33 31
44x46: 60 56 38 57 56 45
41x48: 47 50 50 60 47 48
49x35: 53 48 52 38 34 43
41x46: 51 42 41 46 55 55
40x35: 24 26 20 18 34 21
49x38: 47 47 44 48 47 53
41x46: 36 26 32 42 28 31
40x48: 45 40 59 58 43 51
50x42: 49 53 54 54 55 57
40x37: 26 34 24 19 29 23
39x37: 40 32 23 38 36 52
49x39: 40 49 51 68 50 34
41x41: 33 29 29 33 24 21
49x37: 28 41 30 28 32 32
37x37: 25 24 22 23 25 25
35x38: 25 23 19 21 20 24
44x41: 28 35 23 29 34 33
42x44: 52 56 48 47 42 41
44x50: 33 42 38 37 39 35
37x41: 38 26 49 37 32 53
37x37: 20 27 24 27 20 26
35x46: 32 27 26 27 24 28
35x49: 44 43 43 48 44 42
43x48: 37 42 33 45 27 39
36x49: 40 59 38 43 41 48
39x42: 44 32 22 28 30 25
43x37: 25 30 27 38 16 32
37x39: 54 38 44 28 29 35
47x42: 32 32 45 30 35 36
46x40: 30 28 33 37 37 30
35x44: 35 43 33 36 47 41
46x47: 44 41 38 44 25 33
46x36: 26 39 36 32 14 32
37x36: 47 33 35 26 33 35
50x47: 42 41 39 42 37 39
36x45: 38 33 26 23 31 28
46x49: 42 42 34 46 45 30
44x35: 46 35 38 43 41 36
44x44: 26 32 36 36 38 27
42x35: 39 27 38 38 40 45
49x37: 29 30 25 38 31 39
39x40: 20 15 35 32 33 33
46x49: 53 70 61 54 53 55
44x38: 28 38 25 28 31 17
40x50: 35 60 62 56 43 49
45x42: 50 41 53 35 55 58
39x48: 55 52 39 51 46 46
38x38: 30 25 23 14 27 25
37x44: 61 42 46 31 35 42
37x50: 33 35 32 28 28 35
43x38: 24 26 35 30 28 24
45x49: 57 55 53 57 50 67
47x43: 37 34 30 42 40 27
38x39: 38 39 28 34 42 46
35x40: 23 25 22 27 27 19
43x42: 25 34 40 34 35 28
48x50: 33 37 53 48 43 41
39x41: 49 47 44 41 30 38
42x45: 33 42 28 37 41 29
44x43: 31 45 29 27 33 30
42x35: 26 29 24 25 25 24
47x41: 33 36 37 31 33 24
47x39: 42 56 41 50 47 44
45x37: 32 37 20 32 23 36
45x47: 71 58 43 53 51 53
36x43: 31 30 41 42 45 47
48x40: 35 31 37 36 33 36
43x46: 49 45 49 64 48 49
36x41: 40 28 44 42 37 38
43x50: 47 72 42 62 61 43
38x43: 51 51 40 31 37 44
42x46: 31 41 38 31 35 34
48x43: 51 48 58 54 64 43
40x46: 48 51 49 48 41 47
43x36: 28 40 38 48 44 37
46x43: 20 46 34 32 38 39
48x47: 30 52 36 39 46 36
35x38: 21 22 20 22 23 24
41x39: 37 42 34 41 47 43
42x48: 31 39 40 39 37 38
35x44: 28 24 24 29 26 23
49x49: 67 58 53 54 71 67
35x42: 26 24 26 24 28 25
37x42: 35 22 25 25 25 36
40x41: 46 38 37 41 44 47
41x46: 36 32 40 24 31 31
50x42: 46 35 41 35 40 27
48x50: 31 44 33 53 47 47
49x38: 22 29 29 38 40 34
45x50: 43 38 37 49 35 37
40x45: 44 52 48 45 41 47
47x36: 47 44 40 41 44 45
41x38: 34 36 44 39 41 45
39x50: 44 60 39 51 52 51
47x42: 62 47 48 47 47 56
40x44: 31 32 30 29 29 30
39x50: 28 34 31 45 31 39
39x40: 24 33 28 25 37 21
37x45: 30 26 39 31 31 22
47x38: 28 28 25 36 26 36
45x43: 35 30 30 39 44 31
36x43: 37 29 43 43 42 44
49x37: 35 32 30 30 31 34
45x50: 45 34 39 44 40 38
49x36: 36 55 37 43 46 51
35x39: 32 37 38 29 33 41
41x50: 44 39 21 37 30 37
41x45: 46 47 36 54 46 53
36x38: 31 30 37 39 38 35
37x40: 30 38 46 40 36 37
50x40: 57 46 61 50 56 41
49x40: 29 41 32 32 35 38
45x36: 21 34 30 32 29 33
46x48: 30 44 44 42 43 36
45x49: 32 41 41 41 41 44
37x36: 36 28 30 37 40 34
35x47: 24 22 37 31 20 31
35x44: 36 41 38 40 43 38
42x39: 42 38 47 40 49 37
40x43: 62 45 45 42 38 38
48x35: 40 48 45 42 32 51
47x37: 44 58 47 46 34 39
41x43: 58 45 51 49 32 41
46x47: 57 60 60 59 47 51
36x37: 31 23 24 21 17 27
35x35: 24 35 28 28 30 41
49x48: 51 45 41 42 42 35
40x46: 47 43 51 62 42 39
35x43: 45 40 35 36 45 32
46x41: 33 32 33 32 35 29
41x49: 40 28 29 32 51 27
49x41: 25 33 39 38 34 39
35x38: 25 24 23 21 18 21
37x37: 34 35 39 34 35 34
48x43: 46 33 33 39 37 35
47x37: 46 52 49 38 42 42
48x50: 33 52 32 46 59 33
45x49: 61 67 57 59 44 53
42x48: 53 43 29 39 21 39
38x36: 24 30 17 30 22 20
40x49: 34 36 37 33 35 32
36x42: 38 41 33 42 47 31
36x49: 35 49 46 41 46 52
45x45: 38 34 37 42 29 45
35x47: 47 44 45 42 43 34
50x40: 32 35 40 34 38 28
49x42: 28 31 48 38 48 31
45x46: 36 33 31 32 53 39
46x41: 41 45 52 54 56 41
41x35: 29 25 23 26 23 16
41x38: 39 43 35 42 38 42
37x43: 19 27 25 28 28 41
48x44: 37 45 28 40 41 32
48x39: 42 49 51 45 58 42
37x38: 32 33 33 36 44 37
44x48: 47 52 54 50 59 61
45x46: 43 35 38 32 37 39
36x36: 40 31 30 28 39 33
38x37: 23 29 22 24 24 22
36x41: 35 43 34 39 36 39
47x50: 41 33 34 39 47 46
41x47: 51 44 56 57 48 42
48x36: 31 28 39 33 33 28
39x38: 24 26 32 24 23 27
40x39: 42 38 49 38 36 39
45x38: 29 39 24 36 20 32
36x42: 24 26 29 25 30 34
43x36: 31 23 30 34 24 26
47x49: 40 36 51 42 40 30
46x43: 61 52 47 57 43 47
42x48: 52 28 34 31 28 51
49x35: 49 40 46 40 43 48
44x35: 27 23 25 27 28 24
38x38: 23 22 33 20 22 24
49x45: 63 44 69 55 51 61
35x40: 41 40 29 37 30 39
42x37: 47 41 43 41 28 42
43x50: 39 40 35 41 34 34
49x39: 48 55 42 47 45 56
38x48: 27 35 29 38 38 24
37x50: 41 22 25 31 37 36
42x35: 22 34 26 25 26 20
37x49: 53 47 39 47 44 50
43x44: 49 47 45 58 40 52
40x37: 26 24 27 27 26 25
35x42: 39 38 40 38 38 34
44x35: 32 44 46 37 34 43
39x50: 24 32 28 51 39 33
45x49: 56 67 54 57 54 51
48x50: 44 46 40 49 37 40
46x50: 55 49 53 65 60 70
44x50: 36 37 35 37 45 33
43x48: 72 44 52 53 59 43
49x43: 39 36 49 25 32 43
44x39: 36 41 52 53 39 42
50x44: 40 29 48 31 39 37
45x47: 55 61 56 50 50 54
44x49: 46 33 38 43 32 32
46x42: 30 42 33 40 25 39
36x43: 25 24 34 26 30 29
50x48: 71 68 52 61 61 58
43x35: 17 28 31 30 29 19
38x36: 25 21 29 21 25 22
45x35: 26 27 23 33 18 37
49x48: 64 50 58 66 57 68
42x47: 46 45 40 53 53 64
45x37: 32 33 32 36 23 23
50x36: 50 45 43 48 40 52
39x46: 35 27 30 40 23 39
46x38: 31 25 36 29 27 31
45x37: 52 34 42 43 46 42
43x42: 50 41 51 37 48 53
47x44: 52 47 52 53 56 58
42x49: 43 38 27 44 36 35
36x40: 40 38 46 38 30 32
35x39: 30 40 43 29 36 32
45x37: 34 31 32 26 28 29
40x46: 54 47 45 53 39 47
37x47: 49 40 38 42 51 48
44x50: 43 62 57 49 61 63
45x48: 59 44 66 58 59 49
45x43: 50 38 50 41 58 61
42x45: 46 48 53 52 37 55
35x46: 28 26 25 26 32 28
38x47: 56 43 39 46 42 51
44x45: 27 31 52 25 35 40
41x48: 38 48 55 64 41 54
48x41: 33 26 33 37 46 32
41x42: 29 29 30 31 30 33
44x40: 32 44 50 47 46 49
50x44: 36 35 45 44 28 36
43x49: 49 60 48 57 57 51
35x39: 29 17 32 20 21 24
41x42: 47 49 50 43 45 33
49x43: 53 57 46 48 56 63
35x43: 30 19 25 24 31 25
50x50: 42 57 40 43 31 43
47x43: 42 49 50 58 51 58
48x40: 45 49 54 57 40 50
50x45: 57 57 57 58 62 55
39x36: 37 27 20 28 21 23
39x43: 45 43 37 43 49 41
37x50: 43 40 51 47 48 55
48x41: 50 56 45 43 59 49
48x44: 30 39 32 39 41 42
42x45: 40 39 28 37 28 37
43x45: 63 44 44 52 54 44
42x40: 40 62 51 40 33 33
49x44: 54 58 50 54 47 68
43x46: 21 34 38 46 34 36
42x48: 43 36 39 42 36 27
50x36: 46 46 45 55 42 43
48x38: 34 39 39 27 21 32
39x41: 45 45 32 45 39 40
48x40: 44 39 56 56 44 56
50x36: 43 56 51 45 37 45
35x38: 17 18 27 19 33 17
50x46: 60 50 62 66 49 68
36x36: 38 38 34 37 26 28
47x42: 40 39 36 23 45 26
38x50: 30 33 33 35 29 32
42x37: 46 35 39 42 38 41
46x49: 39 39 39 37 40 46
39x37: 20 25 23 24 32 31
45x40: 33 34 32 29 37 30
39x41: 52 35 46 33 46 38
49x37: 48 41 50 42 49 50
38x40: 43 34 38 30 50 40
47x46: 64 53 59 53 58 49
50x40: 35 29 31 47 30 35
37x42: 26 26 27 40 18 31
39x41: 22 42 27 21 30 26
40x39: 31 32 25 22 31 27
47x42: 45 27 50 28 22 37
40x40: 31 24 21 30 34 29
50x47: 60 59 54 64 70 54
36x48: 49 40 40 36 53 49
46x35: 41 40 48 39 38 43
42x44: 56 37 47 52 43 52
36x50: 38 28 32 37 20 36
46x36: 36 22 27 36 30 28
44x37: 36 28 26 23 26 28
40x46: 27 28 44 37 24 35
41x50: 31 36 40 34 40 26
50x40: 31 38 42 41 25 31
49x43: 35 42 24 38 40 44
36x49: 30 37 36 38 23 28
38x37: 18 27 24 27 24 24
45x37: 46 45 48 40 33 46
50x37: 39 33 38 25 30 27
37x43: 38 41 39 47 48 31
43x40: 30 32 31 28 33 28
45x36: 33 39 55 44 30 48
41x42: 40 45 43 47 44 45
37x35: 24 19 16 20 28 24
49x39: 52 51 41 48 51 51
49x49: 44 43 45 35 38 51
38x49: 47 50 50 43 57 40
45x44: 57 44 59 46 53 49
35x46: 38 25 24 28 25 25
46x41: 56 46 45 55 39 51
35x44: 39 42 38 53 36 29
41x42: 33 51 51 46 41 41
37x45: 41 40 42 49 50 34
40x48: 51 45 61 45 40 56
40x43: 38 37 32 29 21 24
45x44: 35 31 33 45 33 32
35x38: 32 41 17 34 50 28
42x50: 58 55 57 43 60 52
46x42: 50 60 46 50 50 41
45x48: 43 45 45 25 37 45
37x36: 31 27 25 17 21 23
42x39: 35 29 25 32 29 31
42x44: 54 45 51 38 50 49
42x36: 51 37 44 38 38 29
38x47: 50 48 36 43 53 45
45x45: 39 42 35 36 39 33
48x45: 41 30 39 56 40 33
44x43: 30 25 39 37 29 35
49x35: 34 24 29 35 31 23
46x40: 38 50 62 34 42 57
48x44: 55 58 45 60 59 47
35x44: 23 27 27 26 26 24
44x48: 63 52 55 52 52 54
37x45: 39 39 48 34 55 41
41x36: 26 23 22 29 32 24
40x42: 38 26 33 31 25 29
49x37: 47 46 38 54 50 43
35x46: 28 19 33 32 27 25
37x35: 17 21 20 28 28 18
41x38: 29 25 20 17 30 35
48x49: 49 62 74 58 54 64
46x42: 36 33 30 28 47 36
38x39: 21 23 26 24 32 29
40x35: 27 24 25 24 22 21
50x35: 39 47 53 58 39 33
50x50: 70 77 68 63 45 64
36x39: 42 36 37 35 29 39
50x37: 21 38 29 36 32 36
38x45: 33 27 31 29 31 28
39x39: 18 31 36 49 46 48
37x39: 26 25 29 21 27 27
37x44: 44 50 31 44 38 43
47x37: 39 44 44 37 57 45
44x42: 31 35 38 28 33 30
44x38: 25 25 26 27 38 27
36x49: 49 45 39 46 45 48
48x37: 23 35 28 31 30 44
47x39: 33 31 32 33 27 39
44x48: 55 51 57 43 58 62
44x42: 45 57 42 47 46 46
35x49: 30 32 24 23 33 34
50x40: 71 45 54 49 46 49
50x49: 64 72 60 58 51 72
47x44: 64 41 56 56 44 61
44x42: 58 54 42 32 44 57
42x37: 40 45 38 41 40 35
43x39: 32 45 41 52 41 44
39x48: 58 48 47 53 38 47
37x41: 30 41 38 38 47 37
44x49: 56 54 39 63 55 63
41x39: 45 48 32 38 37 46
43x45: 45 45 53 54 46 54
48x46: 62 58 53 54 46 68
47x48: 48 38 41 39 40 33
45x50: 47 47 34 52 33 27
40x48: 45 48 52 60 44 46
48x36: 50 39 40 44 52 42
40x50: 30 30 39 28 31 49
37x45: 26 46 44 38 49 49
47x48: 39 51 48 32 38 32
35x35: 32 16 22 14 20 17
37x49: 29 34 30 38 29 32
42x38: 35 38 15 30 23 26
48x43: 52 44 57 63 55 47
48x47: 47 45 34 39 39 35
48x35: 43 39 46 43 40 48
39x35: 28 29 18 24 17 27
38x50: 55 45 61 41 42 52
36x38: 16 24 18 30 21 34
44x35: 42 42 34 41 45 33
41x41: 25 30 27 29 33 24
49x47: 72 58 56 53 61 58
36x39: 40 36 39 40 33 30
44x39: 47 45 42 42 42 47
47x39: 37 29 37 22 37 33
44x47: 34 33 37 36 35 34
44x43: 26 37 36 33 37 26
44x40: 57 41 49 44 40 44
47x38: 37 47 56 33 59 42
46x35: 31 35 23 22 29 24
39x43: 37 38 45 45 49 43
44x39: 32 55 39 48 43 43
43x35: 22 24 30 21 22 34
48x50: 50 49 42 32 43 40
45x36: 27 24 41 31 27 29
41x43: 45 49 43 41 46 47
48x45: 56 61 44 58 43 69
42x40: 28 34 25 26 30 39
37x43: 30 32 28 24 30 24
47x38: 33 30 28 29 37 23
49x45: 44 31 34 41 44 46
38x36: 28 20 22 30 27 16
43x47: 37 38 37 29 29 40
50x38: 46 50 43 59 48 45
37x43: 34 48 41 41 46 33
43x37: 38 37 46 40 40 44
45x40: 44 32 29 32 35 22
47x37: 49 49 45 46 35 45
43x42: 36 30 33 34 25 38
47x43: 26 37 41 42 32 31
50x47: 60 65 62 63 51 61
47x42: 41 37 46 28 32 25
37x36: 34 38 32 29 44 28
46x40: 61 48 30 62 35 49
48x42: 35 35 45 41 32 35
36x37: 29 19 22 25 27 21
39x35: 37 26 42 34 44 29
45x49: 45 37 46 41 34 36
48x37: 33 40 28 29 26 35
47x43: 54 51 52 44 57 54
37x48: 51 52 37 39 50 45
43x40: 30 36 33 36 21 26
37x43: 19 32 28 24 29 36
50x36: 56 38 47 51 44 44
50x43: 36 46 30 40 43 28
44x50: 35 34 46 32 34 42
50x49: 32 44 53 42 45 40
44x39: 49 42 45 50 40 40
49x46: 47 37 39 47 33 36
47x37: 52 50 38 44 44 41
38x40: 49 33 40 41 35 39
45x42: 31 38 33 32 36 39
44x36: 32 23 33 26 25 28
47x38: 33 25 24 28 35 34
49x35: 30 29 29 24 32 32
41x48: 33 42 34 32 33 33
40x35: 38 50 33 32 26 37
38x36: 30 25 19 20 26 24
46x45: 49 54 56 53 50 56
40x50: 37 27 28 36 44 36
48x38: 59 38 59 42 52 36
46x37: 40 44 42 35 52 48
35x50: 26 32 28 33 33 23
47x35: 27 33 30 32 24 19
39x36: 22 30 20 30 28 25
48x49: 64 58 58 61 59 63
49x48: 56 75 48 71 57 52
38x49: 54 55 44 50 42 43
41x46: 37 32 31 30 21 44
48x40: 47 55 49 46 48 50
37x46: 31 22 36 29 29 33
47x38: 44 43 43 36 51 57
38x45: 32 30 32 28 32 26
44x36: 21 31 31 31 19 34
48x50: 62 57 58 67 58 67
41x44: 48 36 58 49 42 47
38x49: 29 32 29 22 34 45
39x42: 38 27 19 27 33 38
35x40: 33 33 44 37 38 31
40x49: 51 62 44 43 49 52
46x41: 31 30 26 41 35 32
46x44: 53 55 60 48 45 52
49x41: 37 37 31 35 35 32
50x42: 52 55 62 45 61 49
44x47: 60 43 56 49 59 54
46x39: 50 38 43 60 44 42
38x39: 23 34 26 23 23 27
48x40: 35 45 34 20 36 38
37x47: 43 46 41 36 52 49
36x44: 33 24 27 26 28 30
41x46: 34 32 32 38 33 25
48x49: 60 61 68 60 62 52
44x46: 38 36 23 38 36 38
42x46: 27 46 30 38 38 30
48x39: 43 23 36 34 41 31
39x36: 35 25 19 23 29 24
46x44: 32 33 33 31 39 42
47x42: 46 44 54 50 55 54
50x44: 36 36 43 30 41 38
43x50: 62 57 42 55 56 59
44x36: 34 26 23 28 24 32
38x47: 50 42 37 50 45 51
39x48: 48 54 45 54 52 35
38x42: 37 30 21 26 24 29
46x50: 33 38 45 41 44 39
46x37: 23 23 35 38 28 33
39x38: 34 37 43 38 38 38
44x36: 37 35 41 41 41 48
48x46: 46 37 43 35 38 41
43x35: 25 25 27 25 24 27
35x47: 40 37 43 41 48 44
43x38: 26 25 29 30 27 30
37x40: 50 39 29 36 33 43
45x40: 27 30 43 31 28 36
43x49: 51 62 56 60 41 54
44x50: 48 44 54 58 72 60
35x39: 32 31 45 30 42 31
45x35: 50 27 46 49 32 42
35x36: 20 34 36 37 28 36
48x41: 42 57 47 47 48 59
42x43: 47 45 51 44 44 48
47x50: 37 39 42 47 36 38
50x44: 57 45 49 61 57 69
37x47: 29 36 34 26 25 30
47x40: 44 32 25 25 40 28
35x49: 28 31 24 32 37 23
44x36: 35 44 39 46 51 27
40x48: 54 62 41 44 51 44
37x38: 35 39 42 28 28 45
37x37: 20 26 20 19 28 31
37x35: 22 46 31 38 28 31
50x45: 45 59 67 52 54 67
42x35: 33 41 43 48 27 34
46x41: 36 32 35 32 24 36
36x37: 24 26 19 25 24 26
35x43: 30 15 25 32 25 26
37x45: 33 47 45 35 42 52
35x48: 44 50 37 47 38 42
41x44: 49 53 56 38 47 37
46x41: 52 59 44 41 47 48
39x38: 22 32 27 19 29 27
37x44: 42 36 50 42 44 38
48x45: 48 32 45 38 43 34
43x40: 28 33 36 28 30 27
35x37: 21 37 33 36 27 42
36x45: 32 23 37 20 31 37
40x40: 44 40 47 37 38 42
41x49: 35 45 37 30 28 32
35x39: 34 36 34 30 35 41
42x35: 31 21 33 18 28 22
38x41: 30 20 31 31 19 25
49x48: 48 31 44 49 53 30
48x49: 43 51 29 50 37 45
45x45: 59 55 47 69 47 36
42x48: 57 51 59 43 44 59
38x36: 27 25 18 19 29 25
46x44: 46 31 30 34 28 41
46x36: 40 47 54 42 34 39
36x43: 27 24 31 34 29 22
47x50: 41 42 37 42 31 46
48x49: 51 31 44 37 46 46
44x46: 48 53 61 60 43 47
42x48: 48 43 56 53 57 53
47x49: 32 43 39 41 42 43
46x48: 58 49 67 44 54 70
41x39: 34 36 52 47 47 30
41x37: 19 21 36 17 33 30
41x40: 30 37 26 30 23 23
44x37: 19 30 26 36 27 30
42x48: 37 38 34 48 35 31
50x35: 23 36 23 30 41 22
50x40: 29 32 41 38 38 29
43x49: 32 40 30 41 35 46
43x35: 18 28 34 24 22 27
50x50: 68 66 58 60 62 71
49x49: 39 49 42 34 52 39
44x35: 29 20 26 30 20 28
41x39: 39 35 43 36 45 48
48x49: 44 32 41 54 40 45
39x42: 35 34 53 49 40 41
47x49: 44 41 47 36 36 36
46x35: 27 24 28 37 22 27
49x46: 45 37 30 54 30 44
40x43: 45 45 58 41 32 46
46x39: 33 29 36 32 36 29
41x39: 29 42 34 20 22 21
46x50: 60 44 70 59 61 62
50x37: 42 30 60 45 55 53
40x49: 46 48 52 60 46 49
48x47: 50 62 49 60 66 57
44x48: 65 38 52 58 54 61
42x38: 29 22 36 30 19 32
46x36: 30 29 35 29 30 27
40x35: 31 37 40 38 31 38
49x49: 65 69 65 54 62 56
43x44: 35 45 33 26 28 29
50x42: 37 45 34 38 27 43
50x39: 48 54 52 46 47 53
40x50: 58 41 46 59 52 53
46x50: 48 35 41 39 42 35
40x35: 29 21 23 22 24 24
45x39: 27 31 29 30 37 41
49x44: 47 43 30 32 28 43
42x38: 46 46 26 39 48 40
44x41: 42 47 50 40 57 41
46x35: 31 47 47 46 34 41
41x36: 35 24 24 20 30 23
39x36: 41 30 30 37 40 39
44x36: 35 25 35 20 19 33
43x47: 36 32 43 32 32 35
46x49: 64 48 44 74 65 52
44x49: 41 38 32 34 40 39
36x48: 36 31 32 35 25 32
35x45: 22 37 21 33 17 35
39x41: 50 37 34 43 36 48
45x49: 27 28 48 47 44 45
40x48: 59 47 54 40 39 60
46x45: 28 42 34 42 46 32
36x45: 37 42 53 37 43 38
43x50: 60 48 45 56 63 59
38x39: 32 24 22 18 31 29
43x50: 48 52 70 53 49 59
44x50: 45 30 37 41 40 31
47x36: 38 24 31 37 28 22
35x47: 35 41 40 40 45 50
43x43: 32 26 33 47 30 28
41x43: 58 45 37 40 42 52
45x35: 31 28 24 22 28 31
49x47: 64 48 60 72 56 56
36x45: 40 35 47 43 37 48
42x47: 53 32 34 31 24 36
35x49: 24 25 27 31 41 27
38x43: 33 21 24 31 27 32
49x47: 40 77 52 53 68 58
50x46: 52 36 36 37 38 41
42x36: 31 26 19 23 30 39
44x38: 46 33 39 50 53 37
35x47: 45 41 42 41 44 41
44x40: 33 31 25 33 24 35
38x41: 23 24 29 22 30 27
50x36: 38 51 60 40 41 47
39x43: 46 45 48 43 42 36
50x45: 42 39 34 44 41 39
45x48: 57 46 56 61 70 43
35x42: 30 20 17 24 34 28
41x35: 37 42 35 42 39 26
48x46: 48 61 66 60 48 56
39x36: 32 32 25 22 20 24
39x36: 25 29 25 25 24 27
46x48: 56 40 57 73 51 63
42x45: 35 39 33 42 28 33
49x44: 66 54 49 51 57 57
40x36: 45 23 37 40 34 45
44x49: 38 33 35 42 31 45
46x45: 53 57 56 60 46 47
49x43: 40 46 27 36 32 43
41x38: 34 38 44 42 35 46
49x44: 33 27 38 40 51 35
44x42: 33 32 34 28 30 39
39x47: 37 26 27 36 37 31
37x50: 37 26 28 24 43 34
36x42: 49 42 39 36 40 30
37x36: 23 29 18 25 26 22
38x46: 44 55 44 48 41 37
40x45: 64 46 51 32 53 37
43x48: 33 37 34 34 47 39
40x47: 48 43 53 53 36 57
48x49: 44 36 41 37 59 39
47x49: 65 66 64 68 46 48
48x48: 54 65 70 47 53 66
39x35: 21 21 21 20 30 30
36x44: 50 38 51 42 33 34
35x46: 29 30 22 29 32 23
44x38: 43 38 46 43 43 45
39x50: 42 62 49 45 56 44
35x41: 32 42 31 37 39 38
36x43: 23 26 33 24 34 28
43x39: 26 25 38 32 28 32
35x36: 24 34 33 35 35 31
40x49: 48 48 62 45 55 45
39x48: 33 38 32 36 37 32
37x41: 18 32 29 30 25 21
40x45: 35 31 31 41 26 30
38x42: 42 48 47 44 34 32
48x43: 33 46 39 31 38 36
50x45: 42 35 46 40 31 45
48x42: 49 41 46 60 51 62
47x38: 34 42 47 37 65 47
49x43: 70 50 48 60 48 52
43x50: 38 42 36 38 35 34
42x38: 47 45 44 38 32 42
41x42: 29 39 21 28 37 28
50x35: 54 40 52 47 44 36
35x43: 28 26 23 23 23 31
49x46: 45 46 48 28 32 41
37x45: 35 42 35 57 52 32
37x37: 41 32 32 26 40 41
38x39: 30 21 27 29 22 27
44x45: 60 57 53 44 58 36
47x46: 37 29 45 33 37 43
39x47: 49 59 35 46 42 50
43x48: 34 39 32 31 47 41
42x41: 45 52 34 53 46 34
45x47: 66 55 48 53 57 49
47x50: 46 46 75 50 73 70
36x38: 18 21 24 27 30 24
38x48: 33 29 27 36 39 28
50x50: 56 67 66 69 61 64
35x36: 20 22 19 26 28 17
46x49: 54 53 58 61 66 54
50x35: 32 26 30 24 38 25
