788
-3051
-9384
3423
-1075
-6090
9465
9402
-1076
-4475
1545
-5479
-2156
6791
4296
6270
3866
-1295
-1909
7318
-3558
-336
3271
-3427
-9040
6792
-8546
5732
8866
1324
4862
-3013
-7804
7298
-3113
-4411
-2801
-3741
13
1015
-4755
5827
-8189
9555
8800
-7701
-6573
9357
5472
8288
2872
7882
2796
-2810
-7335
-8087
-8578
6853
-6669
-8924
582
1451
-5909
7114
5628
-6591
3533
-6217
-6374
-4810
6170
57
-128
-1692
-4075
8046
4128
2389
-3933
-9003
9142
4103
-6261
-9312
-3176
56
-1551
7929
-1013
-6302
-1786
7806
5700
8526
-9297
6073
8615
-5710
-6148
7791
8013
-3743
8204
-6354
-3640
3768
5555
-8189
3228
4459
8967
9516
2113
-7838
222
-1788
-7206
2949
6101
2354
-5024
7791
-9239
7038
8303
4160
4104
8969
7384
3250
5171
1101
-3769
374
-5970
-2027
9684
6930
-9967
2544
-6934
-6377
-4493
-9094
-9208
-7462
3702
6534
1265
-9236
5300
-9282
8541
2332
-6297
-1875
-2720
-3700
393
-3653
9660
2942
-807
8653
6622
-1222
-509
-9390
-9940
-3797
4341
2949
-3489
8501
-9517
-1019
-6249
-3057
3349
8718
-4512
5487
1151
1418
3861
3917
-4178
-5680
1384
6037
153
-3152
6889
9395
8223
8538
7345
-2156
-5212
-834
6388
7583
-1689
-468
6662
-2970
750
-8233
-839
-2345
-7231
-6447
8155
-8569
-5325
9584
3065
-6148
2142
7394
-5576
-6302
-5971
2039
6617
8974
-555
-9774
-3587
9847
-7384
-8018
2957
-6830
7506
-4704
2805
-6576
-1172
1940
-3345
1109
-3331
2577
-5419
612
9635
-4532
-6759
-4991
-680
7684
4358
6634
-8429
-6711
2371
1643
5093
-4624
1598
5703
-9717
-2491
-692
703
3469
2256
-6244
2127
5034
-6147
-1575
5864
6729
5941
-3555
-8308
-9867
9395
8829
8589
-8410
7738
5273
-8552
-361
6620
-9260
-9940
-3045
2968
-5058
9354
-3052
-2739
-3606
2219
-6918
7749
2655
7687
5331
-9446
6894
3449
-113
4842
-3778
2851
6602
-7585
-8115
-5467
5535
-3549
-7183
-3328
-5664
8053
-4037
73
-4209
9520
4799
1309
7882
-9132
-7441
-5177
-16
8416
-3513
5043
2702
2135
3655
-7175
8870
-9883
-7683
4032
9041
-9321
-671
8682
4258
-2971
2681
309
-312
3470
8424
-6451
-9429
-5746
8579
6602
-6208
7540
-1614
440
-7178
1265
226
2052
-2217
-8532
-5928
-6566
8302
-3446
2555
3540
-4659
-5357
-7578
6768
-5262
-2350
-109
-1751
-5845
-4543
1501
-9352
-2829
-1614
6665
5763
-6961
3333
-8535
1015
-3997
-4189
-6027
-1211
4797
3866
-8337
-7561
1481
-7787
660
-8842
5809
7185
-7568
-6711
-1965
-6716
-4522
-5216
2283
9214
-848
-8581
-956
6479
-3478
-1250
2184
-6326
-7498
-484
-5415
2557
5815
2403
-6085
-5966
-93
-6802
3000
7254
-9020
9432
1654
-3421
1098
5629
7228
3780
9228
-6573
-26
7128
-7210
-5323
95
6585
-9299
-3242
-8233
2774
-3713
8723
-9028
-4462
-2340
2633
8734
-8148
-151
1981
1011
7139
7619
6663
6718
1739
8614
-6006
-4859
5437
9190
-5508
398
9146
-9991
-7231
-8604
-1264
-7488
5311
6853
-2319
4369
-3331
-326
-7072
-7591
3835
-8340
-5309
-2272
-3555
-636
8610
8377
-5106
-8467
-8124
4585
-9343
934
6476
-960
-5767
-484
-2081
-7454
131
5534
5566
7695
795
5996
-9414
-2802
-4467
5113
-6182
5346
5821
8692
-9065
6872
-2258
2504
5683
1208
1050
-8251
672
4652
905
-4508
-8083
-7285
-1237
-4511
5762
-3809
-2977
5610
3894
1584
-1119
9425
8264
-1156
-1462
-113
2073
-7296
-8843
3858
-7211
2652
210
2078
-4130
-2872
9354
-245
275
4348
2535
-2055
-5591
4798
6257
4797
3678
970
-7551
-307
460
-3467
3155
2200
267
7071
-4128
-9361
9907
9960
-5952
5086
-2837
5331
9318
4339
-658
5559
-2691
-7327
1329
8803
-8153
4702
-3787
-6742
9172
5058
8661
4489
7700
8095
4445
-7961
-5575
2891
3172
-5204
-2354
6428
-1211
2553
2912
-7867
4400
-4770
-9867
9397
-3431
-409
4785
9932
-9468
6089
3883
5738
-7441
5749
-2941
-3317
-7585
6448
-8728
-4527
9584
9533
8824
-1163
-4798
3819
-3706
9971
5059
-35
-3871
693
9042
-1114
-5777
2612
-1183
-5617
3423
-8765
9700
8673
4981
8625
-3947
2281
8203
854
9345
-6070
-6241
-5446
-2353
-3317
-8575
-8750
7718
2910
647
4337
9079
-966
7106
8770
-9729
5932
-1121
-1979
5415
-3273
-6891
-5204
2029
-9109
-800
-6164
-9449
3447
2052
-6148
-9361
9527
4902
5574
5269
9754
-4193
-865
3081
-8131
6232
-6957
3258
1822
2557
-5463
9129
3336
-3460
4569
842
-942
6187
-6198
4063
-5014
5762
3470
7061
-9184
3494
4163
5603
-981
8718
-9428
-7577
-6365
-3708
664
1186
-7740
-1237
-3565
9107
3562
7129
3356
-3131
3540
3975
403
3953
-7058
169
6028
403
5577
4413
-8619
8093
-7987
2213
4285
-4269
-2321
-294
-197
-3133
3487
3347
8932
-5366
9406
6990
2035
9474
9781
7794
2267
-3906
-981
-7646
4518
1913
2021
2407
1524
-6665
-3105
-6224
-2288
9265
-8884
3948
-1349
-7993
5316
7239
5741
5972
-8510
-3527
-4735
-7781
-8261
8487
-8604
9957
-4888
5679
4346
-3775
8397
8723
9378
2308
2960
5623
1195
2316
-382
1044
2688
4862
3291
2949
-9621
-5023
-7505
-819
-1414
-1981
-6725
347
-2919
-9501
-2793
6129
-3883
-8047
-2981
-5534
-2867
688
5713
-9162
5844
-5563
-373
-918
-5287
726
9325
-613
-5259
1409
1737
-3117
-6826
1459
-7081
-5363
-216
-2739
2224
8375
-1977
3484
5793
-8267
-6048
9715
1728
2681
-8409
6485
6119
5120
-3957
6496
-3922
-2946
-7330
-7527
-7813
9080
6488
-8733
-7659
6219
6992
-8445
5836
-3909
609
-6317
-309
-6170
-6938
-8870
-220
7902
-6242
2133
7186
4844
4645
1299
-8609
-2576
-211
6906
-9331
-225
-2570
677
-5114
-6326
2982
8483
-6352
5317
887
1291
-3057
7146
893
9661
-5555
-394
-3956
-2868
-5207
-4995
-6998
-9540
5310
6704
2013
9849
-7824
308
2553
6342
-407
-8363
2749
-7362
2069
1409
-4511
-2525
5133
-1768
3709
4617
-126
4204
1696
-4674
4996
-2905
-6244
2546
-4411
-8946
4369
-7177
2549
-3475
2875
-3393
-2727
-9260
5013
-6223
-3224
-3459
-6434
8016
-5945
5336
9641
8392
4862
-8456
-9183
-4783
-44
-6075
1672
-8124
-477
9172
2389
136
-363
-9360
-8240
-3563
-5436
-1491
2633
7302
-8946
688
-6064
2625
3642
-1672
3469
-7697
-1951
-8193
-8018
4393
9309
9829
-7992
-2761
982
-6879
1153
-7030
-7302
9915
-5685
-4035
638
-8777
1964
4173
12
-3238
-3819
-9561
-6957
-4706
60
-9487
3845
5938
-6069
-8898
7540
-9901
-8652
-2085
1737
-7100
2531
-7030
-2689
-3863
-2061
-5100
1277
4563
968
9448
-2571
1345
-6137
6379
2685
6425
5311
8446
5920
7905
-3466
2127
-472
9281
7397
9098
-7352
4411
-5875
5854
-5884
3938
4357
7520
-8843
5386
131
-1203
-7513
-8459
164
6618
-220
2504
9267
-2302
-2690
5706
5886
3484
3677
41
-216
-966
-3254
-9724
-5729
6510
-5436
-2579
-6597
5218
4513
4800
-6252
2721
-6748
-7995
6372
-7749
-5291
-6641
3484
-9446
6125
-1456
1590
-9774
-4303
14
-8935
4876
8295
-8682
8629
9853
1287
9314
8907
-9555
2073
-5409
8747
8899
-3987
-4305
-3545
-7727
-7514
-6198
7810
-3658
-6711
-1391
9761
3939
-4738
-5810
3936
-5925
5617
1350
-8924
-8178
-7703
-3775
-3314
-3680
2535
7577
-5116
-3328
-9468
-5485
-8605
-2687
-5475
-3551
5091
-5287
4171
-3385
-5212
-6349
8380
9330
9440
4060
-4352
5146
939
-6871
5932
9320
6243
8021
-1428
2828
8631
-3617
5338
5908
-2197
9785
8723
3780
-9842
2262
-9590
5505
-6447
167
-500
-8313
7920
6624
-2241
-8530
3109
1208
9474
-4611
8685
-7415
7059
5591
-4549
-7561
7910
7187
3946
-9574
-211
-674
9949
3486
-6058
4386
-6499
485
-5448
6805
2625
-7622
-7200
-790
-4313
8075
2856
8325
-7802
-7162
-8972
9759
-4545
3395
-5010
7888
2029
8283
-3611
-1506
-6401
-7812
3178
-9315
1418
-2511
-1808
4482
7145
8902
7475
-7783
-4071
8435
3484
558
-3645
-9515
4444
3148
-709
1645
-7197
8702
-484
6101
6346
3178
-8838
6287
3228
-5291
-6881
-9012
-4101
-900
-944
-8197
-2297
5617
5317
-3594
-8671
9105
-4614
-5810
4163
9449
948
1268
-3427
-4506
8293
1813
8186
-8255
5750
-9981
-7746
4606
-2729
-555
-4189
736
-917
-4351
-8449
9508
-2872
5223
-198
-5493
-7326
3009
8139
-8510
-6429
4507
6089
-1307
-8262
8401
-7009
5413
684
-8390
7839
4336
4063
-5309
4743
9162
-9987
6440
8195
-6388
-1090
-6175
1228
9517
6718
-2713
7703
-9449
1139
2077
9918
-9499
-9275
5552
-9555
-8884
9994
2688
-5001
-3238
2407
6752
-2640
1381
-7727
-2218
-8945
-3006
2670
4450
5426
-2656
4842
-2370
5856
-305
2865
1061
7178
-9183
6733
8644
-1239
5794
-5553
3040
1332
5431
5401
6864
2078
9727
2221
2068
-6937
3862
5535
2576
-6104
8529
-2061
-1458
9048
-9181
24
-6742
-4117
-6404
-7415
3100
8348
-5201
3567
-837
-215
9811
6297
4210
-9709
-319
-5074
-3558
-1845
-380
-775
3177
-6897
4393
-7840
1884
316
-7086
-4218
7855
-8457
3336
2838
-9546
-9476
4800
2272
-1075
9523
-3224
7577
-5280
2549
-2115
-8543
-3261
4204
1907
-8984
2150
-8578
2172
-2388
9772
5612
-4835
-5396
-900
1061
4092
1302
-9337
-9849
-7888
9823
2181
7905
6227
7110
7425
1813
-1537
8016
-2710
4345
1548
1134
7823
8830
-5123
4981
-2989
258
662
-9652
7054
378
5414
-3442
-6506
-2132
-2860
-4993
-2227
5062
5117
-6552
4798
-8972
-7129
-9334
4220
2022
-5660
5287
-4083
2288
-1344
9820
2544
-9128
3567
-7839
5468
-6090
6470
-2226
5910
4755
-4539
-3074
370
8506
3723
-1203
-4584
-4215
5746
5811
5781
-7495
4435
3271
586
-9028
-6429
-728
8282
4443
9761
-503
14
-2760
-6431
6673
-5553
-4998
5318
4757
3723
-197
-1709
1778
1712
-220
-7482
1832
9434
576
550
6121
920
-1618
-5201
3484
9850
1692
8800
8215
-7969
-5133
-1324
-1095
-6482
1300
-2673
4413
-294
-5280
-7838
-8490
1509
-6105
5272
-6878
-4135
3400
-2148
-1349
9437
-7279
8532
9952
-1849
-3161
5295
2553
1190
-4810
-8498
7425
6974
-2744
-6215
-7616
8083
-6374
-9655
8095
4284
9635
998
-6149
8861
440
-2506
-2210
-6379
3419
4862
-8262
9228
9172
-9237
1780
4599
374
4055
-2185
9532
7566
-8184
-8227
3279
2885
-2439
8009
2261
1426
5560
-1076
6671
-8065
3228
330
1782
-4149
7360
252
-3680
6077
2242
6653
1822
-6433
9640
9228
-5243
-9446
-2273
-7093
5087
-473
8058
7372
-3136
5088
8263
-9578
-6703
9918
9689
3805
2501
8803
-1349
-7210
-1052
-5676
3607
-7494
4263
-1808
9170
8531
7103
-6352
-135
-334
-3138
4357
5829
4531
-2089
9048
6882
-4015
7458
7977
6471
-7302
-6365
2681
7458
-3546
1486
-1221
8312
-1119
466
483
-1075
8195
-472
-279
9299
-6649
-12
8597
8392
-4361
-3626
-8467
3936
-7947
-3177
-3554
-8746
-4806
-4545
2021
2748
7896
1632
9330
-9068
-2515
1964
-179
2184
-1631
-9445
-9359
-5191
-9499
4346
4980
4981
-8449
-7192
7128
6637
5769
4676
-935
-8214
8526
1265
6425
-4508
-546
815
5769
-4898
-9296
-9131
-3419
50
5938
-6066
-1475
-556
-9421
7675
-4307
1986
-2132
3265
1420
-7372
-8961
-8449
390
1324
-8735
-6826
-7827
-5012
499
6473
4393
7541
-9341
-1123
-2323
8075
6173
6545
-2567
6031
1432
-2001
2161
2581
-2218
1877
-7660
698
-5213
-6878
-1178
4534
-9249
-2736
4060
3080
-1814
-2816
4805
-5576
-5578
-9323
3907
2039
-6740
-3366
-2246
-6130
3079
-1456
-8184
-1559
1654
-1986
-6558
6127
157
5291
-3228
-5278
-5617
8000
9874
5810
-6649
-6682
160
6084
-4056
-3671
-7006
-6727
5467
6157
-3108
-5506
-9152
891
-4339
7839
-4581
-6002
1682
-3041
3819
-2088
7804
8066
-1154
-5480
-559
377
-5937
9202
-2169
8632
7666
3189
8222
1779
6157
8544
2325
-1307
3515
-2627
-2700
-9446
-7547
2390
-4054
-1031
-7163
-2932
7240
-7274
-4614
1330
-1022
-1642
6834
6104
-1810
-107
226
-7889
1154
-9109
6579
-7010
8175
857
1207
-3061
-275
2962
-6280
7125
4123
1118
-6699
-366
9736
4928
5014
-4320
3624
-7759
2389
-4116
7858
9395
7895
-7981
-6064
6190
9708
3308
8631
-2936
-1154
-5435
-9271
-2451
-3071
-4350
5757
8422
-8699
5797
4189
-9977
-8477
8377
-2358
2523
-2653
8401
-6484
-1210
-5016
5059
-5555
-2085
-8077
-5446
-6027
8366
-2794
5462
202
-6650
-5934
1203
-7231
5269
-8189
3297
6835
-7967
1233
-7415
-7160
-9560
-2618
-2217
-9820
-4597
7059
-7803
-8700
7187
5762
559
-7789
-6493
-6938
-6472
-2571
-8367
2172
-2724
-5654
722
730
9888
-1966
-9217
-9236
9875
-541
-7898
85
857
-5708
-6244
1931
8899
-2977
4041
-7178
3469
-1882
-7591
6973
1373
-1618
-7804
5198
-7457
1625
9672
-7670
2985
-4101
-2042
3080
-5628
-1206
-16
752
2895
-4032
3670
662
-7373
5022
-2317
-5275
-3093
-194
1248
6216
9713
3627
-3328
164
-78
-7309
-7008
169
-7244
-5655
-3645
7137
-5552
6964
8552
-9724
-995
9912
4782
3791
5994
4074
9915
8830
2739
-9529
-3214
3167
-6835
8645
1695
6903
-3660
645
5238
5443
-1845
2086
2653
-801
2670
9641
3916
-8240
7137
-4235
6485
-5436
-4083
-4914
3856
-959
7970
-2519
4151
2256
2977
6379
-5191
8605
3611
-4069
8648
-9022
5336
4307
-9870
645
-3467
7241
8968
-3335
-9760
-5278
-5544
-6999
7675
-834
-7993
8685
-3230
4489
-1555
-4407
-5312
5554
-9165
4315
-8396
-9040
5261
-1960
3684
1665
-2875
7348
5263
-9783
-2802
8368
-7389
-6374
-7781
-7498
-7111
-5599
-9447
3781
6646
4172
-6872
2145
-4647
3611
-1985
7246
2552
-4430
1433
9584
-4388
4754
4184
5443
-5191
6819
-4706
9229
-364
-6740
3567
3749
8084
3597
-8389
2696
-907
3423
-7030
8064
7086
3394
-9026
8348
-2129
-3838
-9717
5126
-6999
2544
-104
1738
4435
7323
5741
1187
-109
-6453
7313
-12
-728
4393
752
4597
2039
-2981
6566
-1414
2821
8907
8177
-7174
-9675
-3472
-7823
-7359
8830
9248
5994
1468
-9445
-6775
8544
393
-4892
-1303
-9515
-9359
-8359
-3650
-394
7138
8849
-577
-8219
8545
7323
-1029
-6939
-9323
7807
-4522
183
-3844
4582
-6885
-6699
185
-6979
8360
-3285
2642
5287
3693
5814
2181
-3061
-3043
7184
5689
-6817
-848
-6308
-6108
8632
-9655
9549
-2777
8576
912
257
4066
9681
2227
1229
-9944
6173
3235
-7965
1069
8692
-3216
5578
-3647
1451
6629
5194
8605
-2964
6431
5023
-4930
5405
6819
-6920
-8970
6152
6967
-6126
-6661
-6833
2291
-612
-1239
-9595
1179
-1435
3722
-297
4656
1348
-2853
9012
596
5336
8089
8544
-5666
-6178
9589
6925
-4983
-4967
7834
-4665
-3844
-19
8846
-9355
5487
1459
-8350
5059
-4189
-7700
-4130
-2803
-6224
7328
3096
-2357
-159
5671
-3228
-7001
7039
-4735
7921
-3575
-7775
-3527
-8802
-7622
2949
9784
7113
-1600
-1940
-2946
-6727
6372
-3546
489
-2217
4210
8017
-5034
-2571
6844
9869
-2568
-512
396
7010
4542
-9156
-7659
-6938
8644
5703
-3228
3428
5147
6406
-1335
9290
-9764
-3929
-9826
-1076
8506
-897
2979
-4387
-7080
-459
-5872
-8457
3856
-6261
3524
8298
6365
-7164
8799
-3427
1978
-4628
-8261
-8701
4454
-152
1685
-5435
4193
-346
3749
3980
6471
7539
7626
-7175
-6141
-6224
610
-3856
137
2650
3347
-4152
-2074
4269
4336
5765
-9529
1166
-5922
-9997
1118
-2541
2587
-1344
7506
8047
-1114
-3947
-198
1696
5410
-3013
56
-9099
-4215
-2358
582
-3013
7409
7093
8524
-8972
4298
725
6238
7201
-1352
7724
5910
-2711
-4681
-2919
-7012
5640
-5753
-1511
-7659
-5274
-5873
-7440
7954
-3899
-6650
-5818
283
-5541
-292
5461
214
2116
-4407
7837
-6711
8832
-9273
-5240
-848
-5595
-2129
6408
726
-7008
3172
9156
499
1300
-1329
-9381
5746
-4252
-2140
-2860
3836
7794
6117
-490
-3414
6609
3862
506
8136
6888
8134
6493
-8818
3083
-8137
4922
-2361
251
-6503
-257
-7865
-9549
-6169
6239
133
-6791
-4029
-8516
-7401
-6566
-7001
4111
6961
6618
7855
1203
-707
-4735
9150
-4215
6943
-5388
-4332
-8924
-2669
6942
-5216
9468
-6482
3021
4955
7008
2584
2393
5203
8623
-3555
-4511
-4226
-5473
3050
1732
2881
4818
-7646
-5451
8105
-7335
6662
893
4120
3486
-5659
-9028
3515
5447
-7350
1457
-6722
8115
-660
-1596
8093
9914
7425
531
-966
-2280
9170
-9129
1437
-3097
-9031
9936
-7695
-6775
8031
-1210
944
8327
6126
4495
-319
8183
3019
714
-7205
5120
-5255
-4094
-8516
4797
303
-7513
4235
9425
9917
-3645
7067
5850
-3975
-167
3435
-8671
2498
-2185
-5028
375
890
-9274
-7045
4184
4575
-3005
7839
3723
4435
5880
-4597
2473
3446
-7283
1288
-5556
-2596
-8796
-7868
-3107
4674
859
5671
664
8028
6496
-4735
6125
-8972
2637
1914
-5116
-1756
-1078
6559
-1879
8682
-1614
2458
-4944
4991
-8452
779
6281
-1387
-2528
9618
2866
-2893
3460
6275
489
4358
-8322
6779
-527
-3960
2368
6388
-2768
6818
-8229
-2669
9268
-9827
3271
6214
2047
-556
-4084
-9572
8585
-7998
-8974
3157
1134
-7283
-8418
-4475
-4539
9190
-392
-3700
-9189
6160
-5599
2700
-2360
632
-4290
1750
-8765
-1782
-2777
-3887
-8777
1204
2231
-661
-1661
-107
-788
-257
7864
-2278
-6957
7858
7623
-1879
-6271
-9714
3138
-6708
-9181
3356
8770
-1587
-3279
9901
-6739
-3823
-5184
4209
-5199
-220
-9736
9429
14
-9350
6394
-8399
-3764
1568
-466
-7161
-3947
2544
3706
-1154
8768
-555
5910
6431
5022
2247
-1622
2077
-8704
1738
1287
7042
6110
-7700
-6497
8631
-1082
-770
2599
3430
8829
-8189
-4449
5255
6131
-807
-4071
-8445
-5531
-2003
9304
6484
3851
8435
9786
-8145
8397
1911
4868
1801
5854
-6325
6985
6324
-8432
3408
-5332
4289
8261
3953
6496
4194
-3794
-3891
-6374
-7845
-6962
-8731
-7308
3416
-5678
679
3148
-3095
-9323
6490
-7847
2865
-2911
-6848
-1651
-5660
9142
5268
2805
9869
-6374
3484
1377
-8530
5629
8262
-7440
544
8003
-7160
5524
9474
3834
8377
-9329
7724
5207
7260
-8124
-5558
-3051
842
-5531
-3576
-2642
2948
6967
2122
9875
3065
-7447
-7312
-9156
-1555
-1320
-4201
4980
3880
5476
-9634
-9149
-7592
-484
6310
-4872
7360
-275
137
2876
-5561
4443
3757
8230
-468
-4522
-3720
128
5836
9328
1198
-6926
-1782
385
-7909
8223
360
-241
7061
-1686
1056
6418
5937
-196
3381
8917
-2036
-2847
5113
-1493
-5045
9285
-225
2635
-1048
-7650
7496
-9418
-8265
-8212
968
-4182
1186
-2595
5126
-1782
8066
6607
-5895
-1557
-9414
808
5062
4936
-3184
7078
-3421
6985
-2571
-6434
-5010
-2964
7503
6590
2944
2083
-2941
3983
5120
8392
-515
4856
-2401
-544
-9967
-2576
3075
8149
5006
467
-8540
-9569
-4000
-9236
-3304
3363
4742
-4585
3375
-8530
-7370
-3657
-2145
6951
793
8264
-8814
-2649
-6576
3423
-6785
-2498
-6384
1350
-8562
-6190
-1073
5849
-2981
3449
-2362
-7499
6792
8341
-5175
1047
-1240
942
-7450
-8953
-2051
1501
-2145
-7993
-8627
-5391
5666
-7347
-6434
-8544
3214
-3472
-2708
8086
2553
3819
3585
-8896
1830
-6280
-2550
-7867
2385
4122
-1652
9527
-581
1553
9823
1814
5932
5785
4204
1985
5789
5060
-6966
-5895
6577
2265
-2189
-550
370
5616
-8671
-7581
-8241
9523
-4597
-796
-848
-207
8022
3287
-2392
-9444
6634
-2634
9942
5722
-8420
-1339
-8849
3978
-1821
-5965
5240
4097
8586
1361
-8371
-9764
-7325
6758
-2279
6755
199
-1816
-9600
6601
-621
-3115
-4613
-7428
9991
5850
7320
-3453
-110
831
-3189
-4512
-9040
9060
5920
831
2747
-2129
-2902
-4061
-5583
8031
1379
-906
2576
6924
2445
-1377
6459
-7893
-7547
4590
2341
5809
2895
2633
7727
9926
4263
-2722
-5088
-5192
-3758
-7578
5059
-2657
-151
9691
-2936
5666
9029
3540
2200
-1504
-7200
-5381
-7326
7277
-2632
-2042
1441
8653
732
-246
-5365
3774
-2947
-1434
2584
-2179
-5206
-6824
9037
1922
2351
8222
5912
319
2771
-8516
2181
4599
2397
-7338
-2703
-4714
4724
-2817
1880
-8757
-4892
-9691
-3597
5102
-6644
4189
5820
-7781
7541
6844
-4674
-4423
-3765
3922
-8115
1334
5986
-5442
4123
-1812
-8858
-5705
-7019
8830
9215
-8339
-140
-2645
-6215
4030
-8552
-9761
1423
4843
-4474
1893
8184
-6921
4236
-3765
8888
9828
1074
-1751
-8184
-7086
-3131
-8795
-3384
-5753
-5429
-1117
2281
4367
-7058
-3427
717
-1029
-4047
5373
-7006
4769
-1697
7684
119
-8945
-3878
-4227
8679
7384
-5829
-8459
2108
8692
5850
7123
-2264
6996
-3206
-3069
-5038
7150
-1123
3291
-119
-2720
779
3271
-2040
-6506
1673
-2539
-3144
6818
9514
7427
2881
-7545
5794
8824
2088
4413
1336
8086
-985
7450
-6762
-2625
-166
2023
-4887
-331
3081
-4688
6577
5430
-5553
-9515
-8673
6838
4746
-109
-9040
-3891
-4562
5334
9305
1276
9172
7110
3470
-2868
-2889
-6085
8692
6173
-9250
8679
2198
6924
-8135
6246
2298
881
-967
-319
-5566
-4770
-3513
1050
6038
-7853
-8517
-4426
4358
6733
-4321
3506
5493
-7241
-7197
-9276
-6705
-7551
8269
-2981
-9610
-4459
-9315
-3680
6031
6263
5476
-7947
-9527
-8888
-9940
8526
8682
-9764
-2824
2307
-5968
-9152
3030
-3929
-9754
6792
-5058
-8180
-9549
-1589
-2980
-2867
-5035
-709
-5988
-8939
4790
7427
2690
-647
-129
4420
-1882
-7174
3172
-2608
4449
2345
-7221
-6727
-7274
-8087
8968
-9818
-6132
6341
-4392
-9109
-9895
-587
-9571
3780
2233
3470
7789
-204
-9724
-8213
-4470
5102
-1992
-3144
-6131
7550
-7705
9216
9829
1527
-1530
8471
8172
-4170
-9555
3980
2716
74
8435
-5928
3148
3533
3461
-2801
4060
7427
6085
-3292
-9165
4699
-3225
820
-1847
1047
-3803
7626
-232
-9038
2148
3479
-9102
-6817
-9743
-6696
-30
-1504
723
3522
-1106
-5494
-1789
-6963
-635
-4254
4879
-1462
5766
-6388
-3181
1265
-3427
3916
-636
5331
4971
1578
4868
3794
-6384
-9202
-7437
2867
7421
-1320
-9818
1005
-7784
-4162
-1055
-9280
4346
3402
9937
582
1944
-7529
4273
3643
-4826
3648
7563
5805
-9651
-1013
-9291
-2130
6598
-4844
-6122
1142
-5252
-3660
8365
-6880
-1266
-6006
1715
7888
1856
-5562
-9973
-1075
1524
7075
-2311
2591
720
-263
-521
1315
-1418
-4999
-366
4115
-8076
-364
369
-4127
-2979
-5591
8291
-1911
-2711
-7596
2979
7882
9154
2836
-1068
7301
1127
6305
807
9316
5486
-4215
1052
1483
1997
-9258
-1361
-8953
55
-9360
1570
6805
-9400
-7954
-7871
-9320
7007
-359
3358
2848
-7630
-9866
164
-4071
-1649
-363
-2292
8938
-2531
-1107
670
-9347
7540
-4392
7583
-1894
9105
-8303
-238
-9527
-2701
8623
6988
-2487
-9701
7569
-1812
-1895
2043
-8019
-5562
-4075
2655
-512
1133
-3527
-9776
-4269
-4682
-6938
-1440
-1814
1153
-6737
7985
5660
8830
531
-1267
-4866
-2036
7320
-8396
-8811
-226
-5673
4849
-3139
-9187
8849
-4449
3858
412
4173
7123
8579
-5774
199
6693
-2403
2949
1354
1397
1703
4675
5617
-6147
5524
-6885
6178
5534
-5191
1421
9465
5956
-8134
893
-7641
-4345
-4810
2822
5944
-7789
1712
4895
153
7493
-9930
-4191
6774
7951
-4934
-6802
6883
9139
-5115
880
3522
-466
-7045
-8779
6634
4182
-4502
-6730
-8286
4231
-8363
-6525
2914
-2832
2401
8830
2738
9734
7713
-4711
-3409
7141
-788
8585
1651
3584
-5873
-8219
-6136
-3153
-1951
14
6855
-1493
-3913
-2723
-2115
-7153
-6268
-8838
-1267
-49
7265
6928
302
5117
1667
-4240
-8127
-7519
7722
2073
6125
2047
9172
-9090
7496
-5117
-9892
-7681
9967
3358
7318
3085
-6472
-6803
-9066
-7561
-208
4675
3845
-2302
-5643
-2946
9790
7940
5414
-9120
8963
-757
-6944
6996
-8418
4608
-4425
-3471
6719
-5278
-5303
-1379
-32
4346
-936
-9618
245
-5578
3561
-2874
-8638
8529
-2941
-3976
9079
722
-2346
8791
5554
-5695
-5274
4169
-9490
-6504
7478
-6975
-5349
-6982
7470
7108
-1746
-7080
-3541
2022
629
-3369
6779
6061
3547
4888
-2042
-8263
-8082
7667
-5204
2222
-6725
4235
5414
-8328
-8970
-4372
4050
-2157
861
-3249
-3319
6597
-9208
-5167
-9471
9343
1432
2977
-9672
7732
6440
-2528
-8652
2047
-709
-1488
2805
8466
-1614
1179
-3559
6662
8999
-1977
495
-4871
-2479
-5204
-8746
6298
-188
9869
8220
1169
-197
-6447
-5110
1518
-2955
935
152
9643
-6220
6575
-4988
78
6590
-2868
2726
-9587
-939
-3130
5170
-4331
-6126
2268
-4308
8115
8523
-5018
3251
2567
1187
-8761
-1210
-2816
-9003
7353
-2938
-2743
7498
5183
-2506
-3430
-3013
-5148
6228
-6400
-309
-8420
6053
-7614
9875
-7743
4800
-6001
6925
-5201
-8575
-8734
-8130
-5567
-521
5338
3100
-3667
5338
-1960
-1781
5047
1872
9007
5073
8685
1739
-6065
-1747
-861
1474
-9331
-7687
-3928
-2300
-3539
9221
-204
2996
-7939
8768
-111
4498
-1066
9017
-3658
6964
4757
2866
4100
-1206
-6443
9283
2130
2093
4773
-1334
-8449
5666
-1237
4645
-7692
3231
-6905
960
975
1654
7048
7847
-8039
366
-4130
-459
4658
8768
-4591
4543
-1106
4208
6120
8499
-4116
2005
-1316
4372
4805
-4307
-721
-8115
1290
416
4693
6031
9248
1986
-3886
-3734
5268
128
-1170
975
-2531
-3775
-517
333
4900
2065
-4471
5882
2341
2431
1864
-2723
-570
3235
1057
-6208
0
9124
1873
337
4454
-6854
5114
1096
7680
4694
-8307
-8791
9128
9395
6385
9529
-2817
-7334
7427
-6674
-2346
-1443
2984
-3492
1936
7585
-2783
8805
-9595
4758
5535
4845
4975
-1389
6755
-9028
1432
-744
-8954
3946
7575
9814
-7700
262
-49
2867
9221
-6650
4001
-3564
-852
5261
-1493
-5764
-211
8025
-2869
9830
4320
-2693
-3256
-8087
4864
-248
5577
-6536
1192
5869
-8694
-5199
717
5316
-2444
9110
1939
7311
-8842
1939
-5652
-1234
-2392
-3871
-6703
-3139
-4844
2624
9762
3456
4336
-5429
-8726
2705
-3982
6365
1942
9246
2957
-3685
3958
-5595
-9329
674
9406
-7993
-1782
6835
8479
8352
4549
4666
-5214
-7010
8093
7385
-9992
859
6243
377
-2518
-6683
-942
-9660
-7748
-5654
9499
6973
-8115
5613
-5381
-4106
1744
-8765
-9942
6939
-9020
-1412
1443
779
9535
-7087
8365
3040
-361
2716
4007
3171
-6573
5268
-4181
6928
-744
6896
9684
-1206
3845
2183
-6147
-6288
4614
-956
4091
1670
-3317
-4471
1432
-4034
9221
2828
-7683
3138
7882
1140
7650
-2110
5535
9529
3506
5979
6061
4502
-6427
-3446
-5113
939
-9696
-6215
-2877
-9446
1817
-2952
1524
3700
-3639
9378
2774
6352
-830
6829
-1525
8592
-8972
7789
-3451
6488
1587
9830
8861
8559
-5106
3923
-7859
5462
-3640
9585
-7343
-1022
-7536
-198
9079
-6970
-8843
8316
-2081
-3767
9389
-2691
3664
-3891
-7172
5669
-4930
-317
-7268
-1543
-5479
-1905
5166
9425
-7255
-1977
-2771
-7350
7642
559
8830
3258
8867
4675
-9764
9037
-728
3482
-6674
8306
-7940
-9299
6089
-8902
-1977
-534
-978
-6696
-8140
-5966
1469
-591
8799
-1702
-6741
996
-4892
-2410
1654
-4156
-198
-3256
-3945
1703
7010
-1559
8540
3624
-4996
-3607
-7687
4123
-2398
-3751
-3517
409
-8530
-1121
3141
5619
-8954
5864
6865
6826
-4029
-9313
4963
232
7385
-4150
-8223
-1622
4539
5956
3556
375
-3772
4016
2979
9499
1445
6553
5198
228
-9481
9953
1052
3809
-128
6773
-9626
9381
3081
-4357
791
8390
2982
1964
150
-5872
1761
-9827
-5538
-3867
9146
5112
-6947
7282
6252
-6553
-8002
4951
8902
-384
-3549
7454
466
6263
4097
-9391
4422
-6039
304
8805
-1484
3484
3270
-5848
1594
523
9550
-5672
5380
-3343
3126
-6821
-5563
-3966
-3667
159
-7587
-5240
3541
-4279
6473
322
-1101
9577
9454
-5859
-7091
1077
7726
-5629
9974
257
-9343
-5017
-6927
2155
-9940
-4407
8965
6085
-2837
5728
9827
-6651
-4290
-6391
-6650
6073
-721
7806
7667
2053
5366
2097
2317
-3419
-5148
2872
-7308
7165
-1750
-1446
-5687
7626
-3310
-5216
-2197
-5734
6442
6192
-8500
2355
2601
-3041
-3256
-9077
820
-4585
-3180
739
7365
-5113
6139
7532
6973
-3228
8686
644
-3470
7678
1287
1782
3480
-4181
2243
5942
-373
9924
-5280
7038
-8144
3898
-7088
5762
-5904
-6103
-3403
9920
4273
-1618
7006
7078
-110
5829
7114
2690
1570
1570
8713
8058
6165
418
-3177
-6711
257
4543
4152
-194
4817
2630
1817
8737
-9867
-8202
-2221
-2357
-4240
-6065
264
6428
3177
-9271
-6377
3030
3558
4876
1588
-9490
-9318
-7545
-7145
-4958
6185
8084
-9900
-8843
-1504
1353
-5695
-2962
-1
3079
8418
6741
1946
4052
1650
-7573
6656
4144
-8953
6682
901
-6428
1939
7313
8845
4655
-6748
-3919
5954
9416
-6607
-2502
-4643
9912
9219
-2479
-5129
-6687
3235
3230
7397
2262
6251
7167
-4749
-7568
1134
3148
1459
-187
3832
5771
8471
-9646
8337
8795
-2234
8861
8209
-4999
-2785
8104
5683
6967
6906
8379
-5451
-1759
-3400
3536
-4665
5833
4879
-646
-4222
-3585
-7942
-1162
5617
-9221
1506
-1651
418
7190
90
-7861
-2839
1233
7362
8365
5880
7116
-7510
-7700
6738
5728
-5264
1459
-5334
3006
-6281
-6576
-2759
4697
-1230
2461
-242
6930
9987
-8750
429
-3667
-3390
1609
3842
219
-8701
795
265
-3181
650
-3691
-9020
3894
-3254
-4150
4045
-2739
-7746
8184
5493
7848
-6257
-3946
-6058
7086
-216
2005
2664
-8350
-1483
-1821
2877
9784
6052
2515
-6210
4203
-3408
-4130
-5280
7507
4922
1544
-2099
-7401
-7898
2505
-7766
-492
-7622
-8467
5973
-328
5474
4111
7571
1632
2695
2655
79
1570
8228
-3431
-444
7712
8037
-8896
-8855
4369
5247
4903
-1688
8299
6417
6719
3417
-7196
6585
9841
2660
6798
4064
-5611
-8267
-7568
816
985
-3335
-9283
-7654
-1627
1884
5108
-8613
-3293
3483
6378
-2576
4245
7221
7768
3447
7103
-3180
4393
-1612
5689
6933
8736
-23
-290
6431
4361
-3869
287
-6891
-8456
4273
3648
912
7470
-5397
-2487
-7172
-269
2148
5998
-1101
-9021
-7591
-8298
5466
-4869
-4818
7228
-775
-8814
-5385
-6490
8256
226
226
7566
-8566
-363
1778
8086
-9794
-2575
-4071
-8856
-8122
8673
-3494
-2129
6951
9834
6488
-392
-1849
-2576
-3151
-5267
-2839
3204
137
64
990
-4924
-6154
-6519
-1202
8262
-5506
-1891
-5591
330
-237
-7905
-3151
5910
-1022
-4402
2663
3836
3248
-6060
-428
7918
6126
515
-7847
4338
9172
-7241
-1836
2341
-4471
1902
2350
9007
4368
750
3395
-3256
7555
9733
330
8585
-8969
-2330
-5968
7229
7821
-619
-7268
-668
-710
6585
-2204
3393
9470
7767
7888
7381
726
4642
6800
7962
3569
-5934
-3445
-6903
5047
-9165
-4770
-4502
-3497
-6105
226
6380
1822
8821
6466
6389
5114
-4459
7108
-225
1914
2625
-5928
1578
2771
-6030
-6846
4413
-978
2122
8392
-9312
-2189
6120
2721
-9714
-189
5059
-4934
7538
1872
2857
6709
-9057
5769
-3747
-7616
-4384
-7597
4420
-8699
2485
-7494
3414
9670
9061
5437
-204
2406
406
-4057
2613
5509
-8162
4797
-6363
-7558
-2258
7684
-3667
-3733
3636
-4961
6626
-3706
3903
3888
-1847
5727