[.##...] (1,2) (0,4) (1,3) (1,3,5) {5,38,18,20,5,14}
[##.#] (0,1,3) (0,2) {25,12,13,12}
[#....#...#] (1,2,3,4,6,7,8) (4,9) (2,3,6,7,9) (0,3,7,8) (0,3,5,8) (0,4,5,6) (4,5,6,8) (1,2,4,6,7,9) {29,3,15,31,45,32,44,31,38,28}
[#.#.] (0,1) (1) (1,2) (3) {8,21,9,8}
[####.....] (0,3,4) (0,1,2,3,5,7,8) (0,1,2,5,6,7,8) (2) (1,2,4,6,8) (1,5,6,7,8) (0,1,2,3,4,5,7,8) (0,1,8) (0,3,5,6,8) (0,5) {91,84,82,47,41,69,39,54,87}
[...#.#...] (0,2,6) (1,2,3,5,6,7,8) (1,3,4) (1,8) (3,5) (0,1,3,4,6,7,8) (3,4) (1,2,5,8) (0,1,2,3,4,6,8) (0,1) {194,67,210,53,35,32,209,28,67}
[#...###] (2,5) (1,3,4) (1,2,4,5) (0,2,3) (2,3,4,6) (0,3,4,5,6) (0,1,3,4,5) (1,2,3) {34,217,210,46,240,235,23}
[##....##] (1,2,3) (2,3,4,5,6) (5) (0,5,6,7) (0,1,4,5,6) (1,3,4) (0,1,3,4,6,7) (1,6,7) (0,1,3,5) (0,3,4,5,7) {50,69,17,60,52,62,66,42}
[.#.#] (1,3) (0,2) {19,16,19,16}
[..#.] (0,1,2) (0) (0,2) (1,3) (0,3) {41,34,21,24}
[##..#..#] (0,2,3,4,5,6,7) (5,6) (0,1,2,4) (0,2,3,6) (0,1,2,3,4,7) (2,4,5,6) (1,4,5,6,7) (1,2,4,5,6,7) (0,3,5) {27,38,42,24,48,63,57,40}
[.#.###..] (0,1,2,3,4,6) (2,5,6,7) (1,2,3,6) (0,3,7) (1,3,6,7) (4,5) (1,3,4,5) (1,2,4,6,7) {29,69,46,70,43,18,65,43}
[##......] (0,2,6,7) (0,1) (0,3,4,5,6) (1,2,4,5) (4,5) (4,7) (1,4) (0,1,3,5,6,7) (2,3,5,6) {37,39,33,13,49,22,33,43}
[...#..#] (0,1,2,3,4) (2,4,5,6) (0,2,3) (0,3,4,5) (0,1,2,5,6) (1,3,4,5) (0) (0,1,2,6) (0,1,3,5,6) {60,37,61,40,35,28,31}
[..####] (0,1,2,4,5) (1,4,5) (0,1,3) (2,5) (0,1,2,3) (0,2,3,5) (2,3,5) {178,182,184,175,15,26}
[..##..#] (2,6) (0,1,6) (3,4) (0,1,2) (1,4,5,6) (4,6) (0,1,2,3,6) (2,3,4) {26,35,36,36,206,9,212}
[###.] (0,1,2) (1,3) {16,33,16,17}
[..##.#.##] (0,4) (0,4,5) (1,5,8) (2,3,4,5,7) (0,6,7,8) (0,1,3) (0,6,7) (2,3,4,5,6,8) {48,9,15,23,39,35,23,24,23}
[#...###.#] (2,5,6,7) (1,2,6,8) (0,1,5,6,7,8) (2,3,4,8) (2,3,4,5,8) (0,1,3,6) (1,6,7) (0,1,3,5,6,7) (1,2,5,6,7,8) (0,2,3,4,5,6,8) {203,217,63,54,33,225,245,218,217}
[#.#..####] (6,7) (0,1,2,3,4,5,7) (0,1,4,5,6) (1,3,4,6,7) (1,6,7) (0,1,2,3,5,6,8) (0,2,3,4,5,6,7) (1,4,5,6,8) (0,2,3,5) (1,2,3,5) (1,2,3,4,6,7,8) {55,89,63,79,78,71,96,76,30}
[##.##] (1,2,3,4) (1,3,4) (1,2,3) (0,1,2,3) (2,4) (0,3,4) {22,51,54,60,46}
[#.#####] (1,2,3,4) (2,3,4,5) (0,5) (1,2,4,5,6) (0,1,5,6) (0,1,2,3,5,6) (1,2,3,5,6) (0,2,3,6) (3,6) {16,22,32,46,9,27,49}
[#.#.#..] (3) (0,1,3,5,6) (0,6) (0,2,4) (0,2,3,6) (0,3) (0,2,4,5,6) (1,2) {252,18,44,43,21,26,235}
[###....#] (2,5,6) (0,1,4) (1,7) (0,2,3,4,7) (0,1,2,3,6) (1) (3,6) (1,3,6,7) (2,3) {51,230,68,73,31,18,61,200}
[.#.###] (3,5) (5) (1,3,4,5) (0,2,4) (0,3,4) (2,3) (0,1,3,4) {33,15,26,42,44,33}
[###.##....] (4,6) (1,2,3,4,5,6,9) (5) (1,2,3,4,5,6,7,8) (0,2,3,9) (0,1,2,3,5,7,8,9) (0,3,4,5,7) (0,1,6,8) (6,8) (2,7,9) (0,1,3,4,6,7,8,9) (1,5) (1,2,4,8) {41,59,34,45,33,69,39,31,37,28}
[####] (1,2) (0,1) (0,3) {31,26,10,15}
[..###.] (0,1,2,3,4,5) (0,1,5) (2,3,4,5) (2,4) {16,16,26,15,26,30}
[##....#.##] (0,2,3,4,5,6,7,8,9) (2,3,4,5,6) (0,1,2,6,7,8) (0,3,5,6,7,9) (0,1,6,9) (0,1,2,3,4,5,6,7,8) (0,1,2,3,4,5,7,8,9) (1,2,3,4,5,7) {53,37,54,38,37,38,61,44,39,36}
[#.###.#] (0,1) (1,2,3,4) (1,2,3) (1,5) (0,2,3,5) (0,1,2,3,4) (0,3,4,5) (1,6) {52,50,50,54,14,24,1}
[...#.##.] (1,2,3,5,6) (1,2,3,4,5,6) (0,3,4,6) (0,3,6,7) (0,1,2,3,6,7) (0,4,5,6,7) {40,39,39,65,32,27,66,24}
[...#..#] (0,3,4,5,6) (3,6) (3) (2,4,6) (0,5) (0,1,2,4,5) (0,1,5,6) (0,1,3,5) (2) {83,45,43,71,43,83,55}
[.##.##] (1,2,5) (0,1,4,5) (2,3,4,5) (0,4) (0,1,2,3,4) {7,7,18,16,21,19}
[.#....] (1) (0,1,3,4,5) (0,2,4) (1,3,5) (2,3) {35,139,32,135,35,120}
[#....#] (0,1,3,4) (0,1,2,4,5) (0,3,4,5) (1,2,4) (2,3,5) (0,1,2,3,5) {53,35,26,44,48,44}
[..#.#.#.] (1,2) (4,5,6) (0,1,4,6,7) (0,3,5,7) (2,5) (0,2,3,5,6,7) (5,6) {23,21,16,10,15,27,22,23}
[.#..##..] (0,1,3,5,6,7) (0,1,2,5,6,7) (2) (0,3,4,7) (1,2,3,4,5,6) (3,6,7) (1,2,3,4,5,6,7) (1,4,5,6) {26,56,29,42,36,56,68,50}
[.#.#...] (1,5) (0,2,5) (3) (1,3) (2,4) (0,1,3,4,5) (4,6) {38,27,31,31,43,44,10}
[##.#] (0,1,3) (0,1,2) (1,2) {15,21,9,12}
[####....] (1,2,3,4,6,7) (2,3,4,5,6) (0,1,7) (0,1,3,5,6,7) (2,3,5) (0,2,3,5,6,7) (0,1,3,4,5,6) (0,3,4,5,6,7) (1,4,5,6) {144,35,51,177,154,168,170,144}
[.....#] (0,3) (1,3,4,5) (0,1,4) (0,2,3,4) {41,22,20,41,42,11}
[.#.###..] (0,4,5,6,7) (5) (0,1,2,3,5,7) (1,3,4,6) (1,3,7) (0,4,5,6) (1,6) (2,4) {29,41,123,30,138,30,39,34}
[#####..#.] (4,6) (1,2,4,5,6,8) (0,1,4,5,6,7,8) (0,1,2,3,4,5,7,8) (1,2,3,6) (0,1,2,3,6,7,8) (0,2,3,5,6,7,8) (0,3,8) (0,1,3,4,6) {85,83,79,74,75,71,106,74,96}
[##.#.....] (0,1,2,4,5,8) (0,1,8) (1,2,3,4,5,7,8) (2,5,7) (0,4,5,6,7,8) (0,4,5,7,8) (0,2,4,5,6,7) (0,1,2,3,5,6,7) (0,3,4,5,7,8) {67,45,59,29,51,85,21,66,52}
[.##...] (1,2,5) (0,1,3,4,5) (1,2,4,5) (0,3,4,5) (3,4) (1,2,3,4) (2,5) {36,36,24,49,56,52}
[#.##...#.] (0,1,2,3,4,6,7) (1,3,4,6,7,8) (0,6) (0,2,5,8) (0,1,2,5,8) (1,4) (0,1,2,3,4,6,8) (4,5,6) (0,2,3,4,7) {215,206,209,208,211,20,201,48,195}
[####.] (0,1,2,3) (0,1,2,4) (0,3) {28,12,12,21,7}
[.##.##.##] (1,2,4,5,7,8) (0,1,3,4,5,6) (0,5) (0,2,3,6,7,8) (1,2,4,5,8) (1,3,4,5,8) (0,1,2,3,4,6,7,8) {41,36,40,31,36,53,23,31,48}
[##.##.] (0,2,4) (2,3,4,5) (0,2,3,4) (0,1,3,4) (2,4) (1,4,5) (0,3) (0,1,2,5) {51,23,64,45,69,31}
[###.#] (0,2,3) (1,3,4) (2) {6,10,23,16,10}
[.#.#.] (0,3) (1,3,4) (0,3,4) (1,3) (0,2) {37,28,15,50,17}
[..###.###] (0,1,2,5,8) (0,2,4,5,6,7,8) (0,3,4,5,7,8) (0,1,2,4,5,7) (0,2,5,7) (3,4,6,7) (2,5,6) (2,3,7,8) (0,3,5) {170,37,188,15,150,189,149,158,149}
[#.##.#.#.] (0,1,3,5,7,8) (3,6) (2,3,6) (4,5,6,7,8) (3,4,5) (0,1,2,3,4,6,8) (0,3,6,7,8) (0,1,2,3,4,5,7,8) (0,2,5,6,7) (0,1) (1,2,4,5,6,7,8) {59,48,56,83,58,60,85,53,54}
[#..##.#..] (0,1,2,3,4,5,8) (0,3,6,8) (0,1,2,3,4,5,7) (2,3,5) (1,2,3,4,7,8) (0,3,4,6,7,8) (1,2,5,7) (2,4,8) {33,30,64,59,55,40,19,35,55}
[#######.##] (0,2,4,5,7) (0,1,2,4,5,6,7) (2,5,7,9) (0,1) (0,1,2,3,4,5,6,8) (3,9) (0,3,8,9) (3) (1,4,9) (1,3,4,6,7,8,9) {59,49,55,51,62,55,31,42,29,57}
[##....#.] (5) (2,6) (0,3,4,7) (0,1,2,4,6) (0,2,5,7) (0,1,2,3,6) (2,4,5) (0,6) (2,3,4,7) (1,5,7) {59,23,42,27,39,21,40,32}
[###.##] (0,1,3,4) (0,1,5) (0,1) (3) (0,1,2,3,4) {57,57,4,43,24,13}
[...##] (0,2) (0,1,2) (0,4) (0,2,3,4) (2,4) {42,17,41,9,30}
[.#.#] (1,3) (2) (0,2,3) (3) (0,2) (1,2,3) {13,39,33,63}
[##...##] (0,2,4,5,6) (2,3,5,6) (4,6) (0,1,2,3,5) (0,1,3,4) (1,2,3,6) {31,36,36,42,35,25,40}
[##.####] (0,2,3,4,6) (1,3,6) (0,1,3,4,5,6) (1,2,3,5) (0,2,4,5,6) {33,34,28,47,33,29,44}
[.#...#..#] (6,7) (0,2,3,7) (1,4,7) (1,2,4,6,7,8) (0,1,2,3,5,7,8) (0,4,5,6) (0,4,6,7,8) (1,2,6,8) {58,34,35,33,39,31,28,61,34}
[##......#.] (0,2,4) (0,4,6,7,8) (1,3,5,8,9) (1,2,4,5,7,8,9) (1,3) (5,6) (6,9) (0,1,2,3,6,7,8,9) (0,2,3,4,5,6,9) (0,1,2,3,5,7,8,9) (1,3,4,5,6,7,8,9) (1,2,3,5,6,7,8,9) {45,158,160,167,39,179,172,158,173,183}
[#.#.] (0,3) (2,3) (1) {14,1,19,33}
[#.##.] (2,3) (0,1,3,4) (1,2,4) {14,28,18,18,28}
[#.##...#.] (6,7) (1,3,5,8) (0,1) (3,6) (5,7) (0,2,3,4) (4,8) (0,1,2,6,8) (2,3,7) (4,7,8) (2,3,4,8) {24,118,37,152,51,120,16,34,146}
[..#...] (0,3) (1,5) (0,1,2,4) (2) (0,4) (0,1,3,4) {34,29,29,2,34,8}
[.#...#...#] (7,8) (0,1,3,5,7,8,9) (0,2,3,7,8) (4,5,9) (2,3,5,7) (0,1,3,4,5,7,8,9) (0,1,2,3,4,5,6,8,9) (0,1,2,3,6,7,9) (0,8) (0,1,2,3,4,7,8) {83,57,61,78,57,50,22,88,89,52}
[..#.#] (0,2,3,4) (2,4) (0,1,3,4) {119,118,2,119,120}
[..#.] (0,1,2) (0,1) (3) (2,3) (0) {42,31,23,18}
[..####.] (2,3,4,6) (2,4) (0,2,4,5,6) (1,2,3,5,6) (2,4,6) (0,1) (2,4,5) (1,4) (0,5,6) {32,37,82,18,88,51,58}
[###.#.##.#] (3,5,7,9) (0,1,2,3,4,5,7,8) (0,3,4,6,8,9) (1,3,9) (1,5) (2,6) (0,1,2,4,5,7,8,9) (5,8) (0,3,4,7,8,9) (3,4,5,6,7,8,9) (1,2,3,4,6,7,8,9) (2,3,4,5,9) {36,44,46,78,67,42,45,44,59,63}
[##.#..] (2,4,5) (4) (2) (1,3,4,5) (0,1,2,4,5) (1,3,5) (0,1,5) (0,1,2,3,4) {22,50,26,28,29,50}
[..#...####] (0,2,3,5,6,8,9) (3,7) (0,3,4,6) (0,5,8) (2,3,8) (3,9) (1,2,3,4,5,7,8,9) (0,2,5,6) (1,2,8) (0,1,2,3,4,6,7,8) {45,37,65,90,41,38,33,40,72,38}
[#...#..] (3,4) (0,4) (5,6) (1,2,4,5,6) (3) (1,2,3,6) (1,2,3,4,6) (0,1,2,3) {214,218,218,234,38,4,21}
[..#..#.##] (1,3,4,5,6,7,8) (1,3,4,5,6,8) (1,2,3,5,6,7,8) (1,6,7,8) (0,1,2,7) (0,1,2,3,6,8) (2,5,7) (1,3,4,6,7,8) (0,2,3,4,5,6) {25,70,52,48,22,46,63,54,62}
[..#.#] (2,3) (0,3,4) (0,1,4) (1,3,4) (0,1,2,3) (1,2,3,4) {35,54,36,55,36}
[.#.#.] (0,1,4) (2) (0,1,3,4) (0,1,2,3) (0,1,2) (3,4) (0,4) {36,26,32,35,33}
[##..###.] (2,4,5,6,7) (3,4,5) (0,1,2,3,4,6,7) (0,1,2,6,7) (0,1,4,5,6) (0,1,2,3,4,6) {56,56,38,35,53,26,56,24}
[.#.#.#..#] (0,4,6,7) (0,2,3,5,6,8) (1,8) (0,2,3,4,6,7) (0,1,2,3,4,6,7) (0,1,3,4,5,6,8) (4,5) {27,15,16,19,24,20,27,14,19}
[##...#.] (0,2,6) (1,3,4,6) (4,5,6) (1,2,4,5) (2,6) (2,3,4) (0,2,3,4,5) {4,11,21,25,35,13,24}
[##.#.##] (1,2,3,5,6) (1,2,5,6) (3,4,5,6) (1,2,3,5) (0,2,4,5,6) (1,4,6) {11,42,44,28,20,44,38}
[....##] (4,5) (1,5) (0,1,2,4,5) (0,2,5) (1,2,3,4) {18,24,21,3,31,51}
[##..#.....] (4,5,6,7,8,9) (0,2,3,4,5,7,8,9) (0,1,2,4,5,7,8,9) (0,1,5,7,9) (0,1,2,4,5,6,7,9) (0,4,5) (1,7,8) (3,5) (1,3,4,6,7,9) (1,2,5,9) {46,21,21,21,46,60,12,49,36,45}
[##.#.] (0,1,4) (0,2,3,4) (2,4) (2,3) {20,17,29,13,36}
[##..##..##] (2,4) (0,1,2,4,5,6,7) (4,6) (2,3,4,5,7,9) (3,6) (0,1,2,3,5,6,7,8) (0,1,2,4,5,8,9) (0,1,2,4,5,6,8,9) (0,1,3,4,5,6,7,8) {68,68,168,137,173,171,61,147,57,127}
[.#.#] (1,3) (0,1,2) {117,121,117,4}
[###..] (2,3) (0,2,3,4) (1) (0,2) {14,2,34,21,1}
[#......] (1,2,3,4) (0,3) (0,2,5,6) (0,1,3,5,6) (1,2,4,5,6) (3,6) (0) (1,2) {23,43,27,46,27,30,46}
[.#.##..] (0,2,3,5) (0,1,5) (0,1) (0,2,3) (0,1,2,3,4,5) (0,3,4,5,6) (1,2,5) (1,2,6) {66,230,232,50,32,55,203}
[....#..#.] (2,3,4,7) (1,2,3,5,6,7,8) (2,4,7,8) (4,7) (0,2,3,5,6,8) (0,1,2,3,6,7,8) (3,8) (0,5,6,8) (2,5) {16,13,49,34,35,39,27,48,36}
[...###.#.] (0,6,7) (0,2) (1,3,7,8) (0,2,5,7,8) (3,4,6,7) (1,4) (0,6) {17,2,12,11,9,6,14,20,8}
[#.###] (1,3,4) (0,2,3) (0,1,3,4) (0,4) (0,1) (0,2,4) {169,22,15,19,148}
[.#..#.###.] (0,1,3,5,6,9) (3) (0,3,4,5,6,7,8,9) (0,1,3,4,5,6,7,8) (1,2,4,5,6,7) (1,5,7,8,9) (0,5) (1,2,3,7,8) (1,5) (2,5,7,8) (0,4,5,6) {76,77,32,73,64,106,77,79,66,43}
[####..] (0,1,2,3) (0,5) (0,1,3) (3,4) (1,2,3,5) {16,32,26,183,151,20}
[.##.#.#.] (3,7) (0,1,2,4,5) (2) (1,2,5,6) (1,4,6) (1,5) (0,2,7) {6,13,25,11,4,12,8,14}
[#....] (4) (2,3,4) (3,4) (0,3,4) (0) (1,3) (2,4) {24,14,28,47,56}
[##..#.#] (1,3) (1,2,3,4,5,6) (1,2,4) (0,1,2,3,4,6) (0,1,2,5) {23,44,30,29,15,22,15}
[#.##.#] (0,5) (2) (2,3,4) (3,4) (1,3,5) (1,2,3,5) (1,2,3,4,5) (1,2,4) {17,59,63,62,51,60}
[...#] (1) (0) (0,1,2) (0,1) (1,2) (1,2,3) {33,54,44,11}
[#.#...] (0,5) (0,1,4,5) (1,4) (2,3) (2,4) (0,1) {43,34,13,4,23,23}
[..###..] (1,2,4,6) (0,2,3,4) (0,1,3,5) (1,2,3,4,6) (1,4) (1,3,6) (2,5) (1,2,4,5,6) {29,95,58,69,66,36,56}
[#..###.#] (1,3,6,7) (0,1,2,3,4,5) (2,5,6) (2,3,4,5,6,7) (1,3,5) (2,3,5,7) (0,2,3,4,5,6) (1,3,4) {29,229,48,255,53,235,40,23}
[####..####] (1,2,3,5,6,7,9) (0,9) (2,3,4,6,7,8) (3,6) (0,1,2,3,5,7,8,9) (1,2,3,5,6) (1,3,6,8,9) (0,1,3,7,8,9) (5,9) (0,1,3,4,5,6,8,9) (0,1,2,3,4,5,6) (1,2,3,4,5,6,7,9) {58,84,75,107,34,75,81,59,54,93}
[###...#.#.] (3,7) (1,2,3,4,5,6,9) (2,3,4,5,6,7,8,9) (0,1,6,7) (5,7,8,9) (0,1,7) (0,2,3) (8) (0,1,3,6,7,8,9) (2,4,5,6,7,8) (2,3,6) (1,3,4,5) (5) {33,62,64,80,57,73,77,83,45,41}
[##.####] (0,1,3,4,5,6) (0,1,2,3,4) (1,4,6) (2,5,6) (1,2,4,5,6) (2,6) (1,3,4,5,6) {189,221,59,203,221,231,242}
[.###] (0,1,3) (1,2,3) (2,3) {17,30,28,45}
[.###.###..] (0,2,3,5,7,8) (0,2,5,7,8,9) (2,5,7,8) (0,4,5) (3,9) (0,1,2,5,6,7,9) (1,2,3,4,5,6,8,9) (0,4,5,6,7,8,9) (0,3,5,6,9) (1,2,6) (0,2,5,8,9) (0,3,5) (5,6,8) {63,10,34,45,32,85,34,18,55,63}
[...#.###] (0,6,7) (3,5) (0,1) (0,2,3,4,7) (0,1,2,4,5) (1,2,3,6) (2,5) (0,1,3,4,5,6) {57,41,46,31,39,37,3,18}
[#..#..###] (0,1,6,7) (2,7) (3,4,5,8) (1,2,3,5,6,7,8) (0,4,7,8) (0,3,8) (2,5,6,7,8) (0,1,6,7,8) {27,21,28,35,27,32,25,48,51}
[#.####.] (1,3,4,5,6) (4,5) (0,1,5,6) (1,2,3,4,6) (0,5) {37,34,3,15,22,56,34}
[####.#..##] (0,1,2,5,7,8,9) (0,2,3,7,8,9) (0,2,7) (0,1,4,5,8) (3,6,8,9) (4,5,6,7) (1,5,7) (0,2,3,4,5,6,9) (0,2,5,6,8) (0,6,7,8) (2,3,6) {84,36,77,40,38,73,68,72,70,38}
[##.##.] (2,3,4) (1,4,5) (0,3,4) (1,2) (2,5) (0,1,2) {11,26,48,20,29,20}
[##.#] (0,1) (0,1,3) (3) (0,2) {30,18,12,15}
[..##.] (0,3,4) (0,2,4) (1,2,3,4) {6,19,19,25,25}
[#..##] (2,3,4) (1,3) (2,4) (0,3,4) (0,2,3) (0,1,2,3) (1,3,4) {25,25,40,65,62}
[###.] (1,2,3) (2) (0,1,2) (0,2,3) {34,35,55,35}
[###.] (2) (1,3) (0,3) (0,1,2) {25,29,27,22}
[.#.##] (0,3,4) (0,1,2) (0,1,2,4) (0,2,3) (2) (1,3,4) (0,2) {40,31,39,18,25}
[#.##..#] (0,1,6) (0,2,4,6) (0,2,3,4,6) (0,1,2,6) (3,6) (0,1,2,5) (0,6) (3,5,6) (1,2,4) {80,59,75,33,40,22,81}
[..##] (0,1) (0,2) (0,1,3) (0) (1) (2,3) {28,162,6,11}
[##.#.##.##] (0,1,2,3,5,6,7,9) (0,1,2,5,8) (0,5) (0,1,2,3,4,6,8,9) (1,3,4,7,8,9) (0,2,3,5,7) (0,1,2,5,7) (5) (0,3,6,9) (0,2,3,4,5,6,7,8) (4,8) (0,1,2,3,4,5,6,8,9) (1,2,5,6,8,9) {75,69,66,40,35,79,36,33,66,43}
[##.##.##..] (0,1,3,4,6,7) (0,6,8) (1,5,7,8,9) (1,5,6,8,9) (0,2,3,4,5,7,9) (0,5,8,9) (0,1,5,6,7,9) (0,1,3,4,5,7,9) {71,33,18,30,30,61,34,48,38,61}
[#.##] (0,1) (0,1,3) (1,3) (1) (2,3) (0,2) {6,4,20,16}
[.#.#..] (0,2,4,5) (0,1,2,4) (0,1,3,4) (1,3) (0,1,2,3) (1,2,3,4) (4) (0,2) {75,75,83,56,59,14}
[..#....] (4,6) (3) (5,6) (1,5) (1,2,5) (0,1,5,6) {15,209,17,5,0,221,27}
[.##.#..##.] (0,1,9) (0,1,2) (0,1,3,4,6,7,8) (0,1,2,3,4,5,6,7) (2,4,7) (0,3,4,5,6,7,8,9) (5,9) (0,1,2,4,5,6,7,9) {80,71,59,43,66,54,51,66,23,47}
[...###.#] (2,5,6,7) (5,6,7) (2,4,6,7) (1,2,3,5,6,7) (3,4,5,7) (0,1,2,3,5,7) (1,2,3,4,5) (7) (1,3,4,5,7) (0,1,2,5,6,7) {13,26,40,20,22,37,32,47}
[...#..#] (2,3,4) (2,4) (2,3) (1,6) (1,5,6) (0,3,5) (0,4,6) {36,26,17,21,34,31,44}
[..##] (0,3) (1) (0,1) (1,2,3) {35,47,11,28}
[.##......#] (0,1,6,8,9) (5,6,9) (0,2,3,4,5,7,9) (0,2,4,5,7,8,9) (2,3,4,5,6,7,8) (1,3,4,5,6,7,9) (2,3,5) (0,3,5,8) {45,18,59,62,55,91,54,55,48,63}
[.####] (0,3,4) (1,4) (1,3) (2,3) {8,14,113,126,17}
[.#.#...#.#] (0,2,4,5,6,8) (1,2,4,5,8) (0,1,4,5,7,8,9) (0,1,3,4,5,6,9) (0,1,2,3,4,5,7) (2,7,8) (0,2,8) (3,5,8) (0,2,3,5) (0,5,6,8) (0,3,5,6,9) (8) (0,1,2,3,5,6,7,8,9) {87,29,81,58,38,100,49,32,114,28}
[####.] (0,3) (1,4) (0,2,3,4) (3) (1,2) (2,3) (1) {13,40,27,41,18}
[#####] (0,3,4) (0,2,3,4) (0,1,3) (1,2,4) (1) (1,3,4) {15,45,1,33,25}
[.#.####.#.] (2,3,7) (1,2,3,5,7,8,9) (2,3,4,6,7,9) (1,2,4,6) (0,4,6,7,9) (0,5,6,9) (2,3,4,5,7,8,9) (6,8,9) (0,1,4,5,6,9) {34,26,49,38,59,37,76,52,32,82}
[....#..##] (0,1,4,5,6,7) (0,3,6,7,8) (0,2,4,5,6,7) (2,3,4,5,6,7) (0,1,2,4,6,7,8) (3,6,7,8) (4,5,6) (0,2,3,4,5,6,8) (0,1,2,3,4,7,8) (2,4,5,6,7) (2,4,7) {75,33,93,73,119,91,141,114,76}
[..#......#] (0,2,3,4,6,8,9) (4,5,8,9) (0,1,2,5,6,7,8) (0,1,4,6) (1,2,3,4,5,6,8,9) (0,9) (4,6) (1,5,7,8) (2) (2,3,4,5,7) (1,2,5,6,7,8,9) (0,2,3,5,6,7,8) {48,53,70,42,67,77,55,44,62,51}
[..######..] (2,3,4,5,6) (0,1,2,4,6,9) (5,6,7,9) (0,1,2,3,7,8) (0,3,8) (1,2,4,5,6,7,8,9) (0,6) (0,1,2,4,6,7,8) {66,49,52,41,34,23,51,55,67,22}
[#...###] (0,1) (3,5,6) (0,2,3,4,6) (1,2,4,6) (0,4,5) (2,5) (0,2,5,6) {29,14,39,8,30,35,29}
[.##..#...] (1,3,6,8) (3,7) (0,7,8) (0,1,4,7) (0,1,3,5,7,8) (2,4,7) (0,2,3,4,6,7) (4,5,7,8) (0,1,2,3,4,6,7,8) (0,1,3,4,5,6,8) (2,4,5,7) {59,65,172,68,205,167,55,209,73}
[.#......#] (0,1,2,3,4,6,8) (3,6,7) (3,4) (2,5,6,7) (0,3,4,7) (1,2,3,4,5,6,7,8) (0,1,2,4,5,7,8) {31,32,49,68,54,38,63,72,32}
[.###] (0,3) (3) (0,1,3) (2) (2,3) (1,3) {24,24,17,57}
[..###.##.#] (1,2,7) (2,4,5,6,7,8,9) (0,2) (2,3,4,6,8,9) (0,1,2,5,6,7) (5,7) (0,1,2,3,5,8,9) (0,3,7) (2,3,4,7,8,9) (0,1,3,4,5,6,7,8,9) (1,2,3,4,5,6,7,9) {55,66,77,73,50,64,48,74,61,69}
[.###.] (1,3,4) (0,1,2,3) (2,4) (0,1,2,4) {36,39,54,21,39}
[..#..#.##] (1,3,4,6,8) (2) (1,2,3,5,6,8) (0,6,8) (4,6,8) (0,2,8) (0,1,2,3,4,5) (1,3,4,6,7,8) (0,1,2,3,4,5,7) {198,38,194,38,37,17,27,33,204}
[.#.##.] (1,4,5) (1,2,3,4) (0,1,4,5) (0,1,2,4,5) (0,2,3,5) (0,5) {33,41,36,23,41,47}
[....#.#] (0,1,2,3,5) (1,3) (0,1,6) (0,1,2,4,6) (0,1,2,3,4,5) (0,2,3,4) (0,2,3) (0,5) (0,1,5,6) {47,49,24,33,14,16,25}
[...#...###] (0,1,2,3,6,7,8,9) (2,3) (1,3,4,5,6,7,8,9) (1,5,6,8,9) (0,5,7,8) (0,1,4,5,6,7,8) (0,1,3,4,5,6,8,9) (2,8,9) {198,27,16,22,14,189,27,192,205,27}
[#.#..#.#..] (1,2,4,5,6,8) (2,3,7,8) (3) (0,1,2,3,4,6,8,9) (0,2,3,5,6,7) (1,9) (5,6,7,9) (2,3,4,5,6,7,8,9) (0,1,2,6) (4,5,6) (0,2,3,4,5,6,8) (1,4) {33,183,206,64,186,194,204,43,184,42}
[.###.#] (0,2) (0,2,4,5) (1,2,4,5) (0,1) (0,2,4) (0,2,3,5) {46,28,36,2,15,17}
[.#...##.] (0,2,4,5) (0,1,2,3,5,6,7) (2,4,6) (0,1,2,6) (0,1,3,5,7) (2,3,4) {159,47,154,29,125,139,40,27}
[..##] (0,1,2) (0,1,3) (2,3) (2) (1) (0,1) {34,37,17,20}
[#....#####] (0,3,4,5) (0,3,7,8,9) (1,3,9) (4,9) (4,5,9) (1,4) (1,3,6,8) (0,4,5,6,7,8) (0,1,3,4,5,6,7,9) (1,2,5,6,9) {50,46,17,50,49,56,57,41,49,55}
[###.] (0,1,2) (0,1,3) {15,15,1,14}
[##...] (0,2) (1,4) (2,4) (0,3,4) (1,3) {21,16,19,22,43}
[.#..#....#] (1,4,7,9) (7,8) (0,1,2,6,7,8,9) (1,2,6,7,8,9) (1,3) (1,3,5,9) (0,1,2,3,4,6,7,8) (1,4,5,8,9) (2,3,6) {18,70,34,45,25,18,34,49,37,53}
[##.#] (0,1,2,3) (0,1,3) {32,32,12,32}
[#.#.#.#] (0,1,3,4,6) (4,5,6) (0,1,3,4,5) (1,2,3,4,6) (0,2,3,4,6) (0,1,4,5,6) (3,4,5) (1,3) (0,2,3) {56,72,39,95,105,49,83}
[.#.#####.] (3) (1,2,4,7) (0,1,2,5,6,7,8) (0,2,3,5,7) (0,3,4,7,8) (1,2,3,6,7,8) (1,2,3,6,8) (0,2,3,4) (1,2,4,5,7) (2,4,7,8) {5,46,61,47,30,17,30,48,41}
[.#.##.#.] (2,4,6) (1,3,4,6) (0,1,5,7) (0,2,4,5,6,7) (3,4) (4,5,6) (0,1,2,6,7) {17,22,7,17,31,24,23,17}
[..###] (0,4) (1,3,4) (0,2,4) (0,2,3) {53,3,33,23,36}
[..###..#] (0,2,4,6,7) (1,2,3,5,6,7) (0,1,2,5,6,7) (0,2,3,5,7) (0,1,2,4,5,6) (1,2,3,4,5,7) (0,3,5,6,7) (0,1,2,4,6,7) (6,7) (0) {64,57,82,43,53,67,85,85}
[#.#..#.] (0,1,3,5,6) (5) (0,1,2,4) (0,1,2,4,5,6) (2,5) (0,2,3,4,5) {39,22,33,36,20,57,19}
[..#.#..] (2,4) (1,2,3,5,6) (0,2,5,6) (0) (2,3,4,5,6) (2,3,4) (3,6) {135,6,168,43,38,135,148}
[.#.#] (1,2) (0,1,3) (2,3) (3) (0,2) {14,20,11,16}
[#.##] (2,3) (0,2,3) (0,1) (0) (1) {7,19,8,8}
[#.##] (2,3) (0,2,3) (1,2) {6,0,22,22}
[#####.#] (0,1,6) (4,5,6) (0,3) (1,2,5,6) (0,2,4,5,6) (1,2,5) {22,12,26,0,209,217,216}
[.#...] (0,1,2,3) (4) (1,2,3) (3) (0) (1,4) {30,39,21,41,27}
[....#] (3,4) (0,4) (1) (0,2,3) (0,1,4) (0,1,2) {64,49,25,26,54}
[##..#...] (0,3,4,7) (0,6) (0,1,5,7) (0,1,4) (0,1,2,4,5,6,7) (0,1,3,4,6,7) (0,1,2,3,5,6) {80,51,29,34,52,36,40,46}
[.###..##.] (2,6) (1,2,3,6,7) (4,6,7,8) (3,5) (1,2,3,5,7) (0,2,8) (3,4,6,7,8) (2,5,6,8) {7,22,58,31,5,27,47,27,25}
[#...###] (1,6) (0,2,3,6) (0,1,3,5,6) (0,1,2,3,6) (0,4,5) {37,23,15,25,12,22,32}
[....#.] (2,5) (0,3,5) (1,2,3,5) (1,2,4) (0,1,2,3) (2,3) {171,16,42,196,0,186}
[#.#.] (0,2) (1,3) {13,9,13,9}
[.##.] (0,2,3) (0,1) (1,2) (1,3) (0,3) {29,34,13,19}
[..##.###] (0,3,4) (3,4,5,6,7) (0,5) (0,2,3) (0,1,2,4,5,6,7) (0,1,2,3,4,5) (6,7) {53,12,24,46,42,41,36,36}
[#..##.###.] (1,2,3,4,5,6,8) (0,4,9) (1,2,5,6,8) (0,1,2,7) (0,1,3,5,6,8,9) (0,1,2,3,4,5,6,8,9) (0,2,3,4,5,6,8) (0,1,4,5,6,8,9) (1,2,3,6,8) {54,58,53,34,66,65,66,5,66,36}
[.###] (0) (1) (2,3) (0,1) (0,2) (1,2,3) {36,23,27,13}
[..##..#] (0,4,5,6) (2,5) (1,4) (3,5) (0,2,3) (0,1,2) {38,19,42,23,16,44,13}
[.###] (1,3) (0,1,3) (0,2) {10,8,10,8}
[.###] (1,2,3) (2) (0,2) (0) (3) {25,6,26,24}
[##....] (3,4,5) (2,3,4) (0,1,3,4,5) (0,1,4) {6,6,17,27,27,10}
[..#.#] (1,2) (1,4) (1,2,3) (0,2,3) (0,3,4) {16,36,36,21,16}
[..##] (0,2) (1,3) (2,3) (1,2) {20,25,48,35}
[#####...##] (1,4,6,7,9) (1,4,9) (2,3,4,5,7,8,9) (0,1,2,3,4,8,9) (1,2,4,7,8,9) (0,1,2,3) (0,1,3,4,7,8,9) (0,1,2,4,5,6,7,8,9) (7,8) (0,1,3,5,7,8,9) (0,6) {34,55,34,34,45,21,19,60,56,56}
[..##.] (1,3,4) (4) (0,1) (0,1,2,3) (0,2,3) (0,1,2) {43,39,41,34,13}
[##.##.#] (3,4,6) (0,1,4,5,6) (3,6) (2) (0,3) (0,1,2,3,4) (0) (3,4,5) {44,22,18,63,56,34,39}
[#.##.] (0,1,2) (0,3,4) (1,3) (3) (1,3,4) (0,1,4) (0,2) {40,38,25,35,32}
[...##.#..] (1,2,3,5,7,8) (4,5,6,8) (3,4,5,6,7,8) (1,3,8) (0,1,7) (0,2,3,4,5,6,7) (1,3,4,5,6,8) {10,35,13,45,38,49,38,37,51}
[#..##.] (0,3,4) (1,3,4) (0,1,2,5) (2,5) {39,32,29,33,33,29}
[#.#.###..#] (2,6,9) (7,8) (1,3,4,5,7,8,9) (2,4,5,6,7,8) (0,7) (1,2) (7,8,9) (0,2,3,4,6,7,8) (0,1,4,5,7,9) (4,5,6) (0,1,2,6,7,8,9) {16,40,53,28,71,61,54,83,77,36}
[.#...] (4) (1,2,3) (0,3) (2,3,4) (0,2) {22,4,24,10,7}
[..##.#] (0,2,3,5) (1,2,3,4,5) (2,3,4,5) (1,3) (0,1,2,4) (0,2,3,4,5) (0,3,5) {38,24,64,53,59,52}
[#..##.##] (1,7) (2,3,7) (0,6,7) (0,1,2,4,5,7) (3,4) (3,4,7) {14,21,13,31,38,10,4,37}
[..##..] (0,2,4) (4,5) (1,4,5) (0,1,3,5) (0,1,2,3,4,5) {26,21,10,20,17,27}
